0 0 0 0 nan
0.0515 0 0 0 0.019725
0.1038 0 0 0 0.0197473
0.1534 0 0 0 0.0197599
0.2079 0 0 0 0.0197652
0.2633 0 0 0 0.0197628
0.3145 0 0 0 0.0197631
0.36 0 0 0 0.0197631
0.4159 0 0 0 0.0197596
0.4679 0 0 0 0.0197581
0.5234 0 0 0 0.019759
0.5792 0 0 0 0.0197528
0.643 0 0 0 0.019744
0.6997 0 0 0 0.0197372
0.7474 0 0 0 0.0197376
0.793 0 0 0 0.0197399
0.8365 0 0 0 0.0197496
0.8972 0 0 0 0.0197533
0.9395 0 0 0 0.0197468
0.9661 0 0 0 0.0197518
0.9977 0 0 0 0.0197464
1.0529 0 0 0 0.0197451
1.1038 0 0 0 0.0197457
1.1454 0 0 0 0.019738
1.191 0 0 0 0.0197357
1.239 0 0 0 0.0197414
1.292 0 0 0 0.0197423
1.3279 0 0 0 0.0197396
1.3965 0 0 0 0.0197378
1.4537 0 0 0 0.0197395
1.5092 0 0 0 0.0197404
1.5563 0 0 0 0.0197268
1.5873 0 0 0 0.0197298
1.6294 0 0 0 0.0197247
1.6621 0 0 0 0.0197188
1.7233 0 0 0 0.019723
1.7784 0 0 0 0.0197192
1.8193 0 0 0 0.0197209
1.8675 0 0 0 0.0197185
1.9204 0 0 0 0.0197183
1.9625 0 0 0 0.0197066
1.9966 0 0 0 0.0197132
2.0489 0 0 0 0.0197122
2.1009 0 0 0 0.0197124
2.1604 0 0 0 0.0197227
2.1726 0 0 0 0.0197133
2.2288 0 0 0 0.0197002
2.2657 0 0 0 0.019708
2.3115 0 0 0 0.0196853
2.3448 0 0 0 0.0196852
2.3799 0 0 0 0.0196859
2.4304 0 0 0 0.0196946
2.4704 0 0 0 0.0196906
2.5125 0 0 0 0.0196876
2.5545 0 0 0 0.0196864
2.6196 0 0 0 0.0196964
2.66 0 0 0 0.0196962
2.7117 0 0 0 0.0196941
2.7877 0 0 0 0.0196868
2.8216 0 0 0 0.0196844
2.865 0 0 0 0.0196765
2.93 0 0 0 0.0196722
2.9759 0 0 0 0.0196668
3.0256 0 0 0 0.0196583
3.0962 0 0 0 0.0196242
3.1113 0 0 0 0.0196177
3.1873 0 0 0 0.0195998
3.2316 0 0 0 0.019587
3.2607 0 0 0 0.0195727
3.3172 0 0 0 0.0195433
3.3554 0 0 0 0.0195606
3.3818 0 0 0 0.0195633
3.4348 0 0 0 0.0195699
3.5073 0 0 0 0.0195261
3.5612 0 0 0 0.0195203
3.6084 0 0 0 0.0195121
3.6275 0 0 0 0.0195009
3.6625 0 0 0 0.0195013
3.6995 0 0 0 0.0194955
3.7625 0 0 0 0.0194755
3.8154 0 0 0 0.0194615
3.863 0 0 0 0.0194474
3.8791 0 0 0 0.0194073
3.9229 0 0 0 0.019425
3.9531 0 0 0 0.0194182
3.974 0 0 0 0.0194221
4.0083 0 0 0 0.0194182
4.0545 0 0 0 0.0194137
4.1122 0 0 0 0.0194073
4.1532 0 0 0 0.0194142
4.1866 0 0 0 0.0194033
4.222 0 0 0 0.0193596
4.2635 0 0 0 0.0193211
4.2899 0 0 0 0.0193588
4.3537 0 0 0 0.0193553
4.4154 0 0 0 0.0193441
4.4717 0 0 0 0.0193311
4.5127 0 0 0 0.0193418
4.5442 0 0 0 0.0192407
4.5637 0 0 0 0.0192113
4.6103 0 0 0 0.0192267
4.6237 0 0 0 0.019077
4.6942 0 0 0 0.0190108
4.7253 0 0 0 0.0189926
4.7702 0 0 0 0.0190425
4.8412 0 0 0 0.0190834
4.9006 0 0 0 0.0190489
4.9613 0 0 0 0.0189783
4.9835 0 0 0 0.018926
5.0415 0 0 0 0.0189314
5.1125 0 0 0 0.0189808
5.1363 0 0 0 0.0190031
5.2046 0 0 0 0.0191005
5.2809 0 0 0 0.0190572
5.3359 0 0 0 0.0188884
5.3597 0 0 0 0.0187951
5.4374 0 0 0 0.018769
5.5072 0 0 0 0.0187476
5.5857 0 0 0 0.0186825
5.6312 0 0 0 0.0185981
5.6555 0 0 0 0.0185397
5.7086 0 0 0 0.0185813
5.7428 0 0 0 0.0184997
5.8043 0 0 0 0.0184078
5.8553 0 0 0 0.0182825
5.8768 0 0 0 0.0178399
5.9262 0 0 0 0.0177069
5.9336 0 0 0 0.0173117
5.9635 0 0 0 0.0176319
6.0405 0 0 0 0.0176041
6.097 1 0 0.0174903 0.0371574
6.1322 1 0 0.017009 0.0372712
6.1697 1 0 0.0169469 0.0371517
6.2028 1 0 0.0164253 0.0368699
6.2653 1 0 0.0167063 0.0366921
6.3093 1 0 0.0162966 0.0363746
6.3367 1 0 0.0163274 0.0365858
6.3927 1 0 0.0160014 0.0363822
6.4188 1 0 0.0159479 0.036513
6.4745 1 0 0.0161249 0.0369255
6.503 1 0 0.0158053 0.0366068
6.5554 1 0 0.0157332 0.0366628
6.5955 1 0 0.0158131 0.0366065
6.6236 1 0 0.0154645 0.0366892
6.6629 1 0 0.0153191 0.0364948
6.6969 1 0 0.0147947 0.0361781
6.714 1 0 0.0146454 0.0359556
6.7425 1 0 0.0139692 0.0361812
6.8007 1 0 0.0144816 0.0362424
6.8325 1 0 0.0139983 0.0359132
6.8704 1 0 0.0145438 0.03555
6.8993 1 0 0.0135673 0.0355745
6.9274 1 0 0.0131191 0.0351767
6.99 1 0 0.0134744 0.0351235
7.0534 1 0 0.0106633 0.0345013
7.0998 1 0 0.00815051 0.0342805
7.1456 1 0 0.00835391 0.034445
7.1895 1 0 0.00786325 0.0345128
7.2454 1 0 0.00499703 0.0343642
7.2828 1 0 0.0064 0.0338865
7.341 1 0 0.00673469 0.0338329
7.3748 1 0 0.00809993 0.0323161
7.4114 1 0 0.00932785 0.0314589
7.4546 1 0 0.009984 0.0313974
7.4538 1 0 0.0096 0.0317032
7.5006 1 0 0.00732461 0.0320119
7.5263 1 0 0.00867769 0.0323081
7.5983 1 0 0.00221453 0.0315105
7.599 1 0 0.0031758 0.0314335
7.6785 1 0 0.00284024 0.0317972
7.7398 1 0 0 0.0319617
7.79 1 0 0 0.0317449
7.8532 1 0 0 0.0313795
7.8928 1 0 0 0.0312672
7.9373 1 0 0 0.0315125
7.9703 1 0 0 0.0323026
7.9871 1 0 0 0.031903
8.0417 1 0 0 0.0306597
8.0752 1 0 0 0.0300735
8.1066 1 0 0 0.0305713
8.1834 1 0 0 0.0296358
8.2226 1 0 0 0.0292188
8.2699 1 0 0 0.0295461
8.3323 1 0 0 0.0301538
8.3789 1 0 0 0.0296378
8.4468 1 0 0 0.0292742
8.4648 1 0 0 0.0292403
8.5377 1 0 0 0.0294099
8.5914 1 0 0 0.0279893
8.6564 1 0 0 0.0280277
8.7064 1 0 0 0.028033
8.7505 1 0 0 0.0273047
8.7817 1 0 0 0.0270483
8.8372 1 0 0 0.026941
8.841 1 0 0 0.0259581
8.8944 1 0 0 0.0245018
8.9526 2 0 0.0239738 0.0517544
8.9566 2 0 0.0215021 0.052245
8.9447 2 0 0.0224683 0.051869
8.9684 2 0 0.0232099 0.0519532
9.0157 2 0 0.0227572 0.0517985
9.0161 2 0 0.0242936 0.0519962
9.0341 2 0 0.0255053 0.0508326
9.0598 2 0 0.0250579 0.05035
9.078 2 0 0.0246372 0.0506495
9.0816 2 0 0.0230886 0.0511224
9.1406 2 0 0.0231529 0.0500244
9.1809 2 0 0.0195014 0.0495399
9.2318 2 0 0.0145633 0.0492381
9.2892 2 0 0.0125444 0.0481722
9.3259 2 0 0.0179693 0.0485626
9.3817 2 0 0.018528 0.0478624
9.4151 2 0 0.021482 0.0480091
9.4646 2 0 0.0212346 0.0475502
9.4983 2 0 0.02 0.0470901
9.5145 2 0 0.0164839 0.0471702
9.5744 2 0 0.0158678 0.0481813
9.5789 2 0 0.0128 0.0482801
9.6173 2 0 0.0158678 0.0468924
9.6599 2 0 0.0142012 0.0477883
9.6762 2 0 0.0111111 0.0475502
9.713 2 0 0.0104142 0.0476115
9.7301 2 0 0.0104142 0.0478689
9.7463 2 0 0.0158678 0.0484839
9.7852 2 0 0.015 0.0484542
9.8453 2 0 0.0183673 0.0478052
9.8713 2 0 0.0198817 0.0456594
9.9084 2 0 0.015 0.0446598
9.9545 2 0 0.02 0.043952
10.0165 2 0 0.00979592 0.0422617
10.0238 2 0 0 0.0402686
10.0509 2 0 0 0.0419955
10.0597 2 0 0 0.0405215
10.1638 2 0 0 0.0426039
10.2102 2 0 0 0.0401939
10.2413 3 0 0.0400832 0.0643463
10.2758 3 0 0.039949 0.0640879
10.2839 3 0 0.0349704 0.0631812
10.3404 3 0 0.0334667 0.0628271
10.353 3 0 0.0260571 0.06325
10.3624 3 0 0.0263265 0.0626775
10.3608 3 0 0.0278667 0.0611281
10.391 3 0 0.0254325 0.0603102
10.449 3 0 0.0260055 0.0598959
10.4977 3 0 0.0179786 0.0592402
10.5321 3 0 0.0104297 0.0589351
10.6058 3 0 0.00894083 0.0587453
10.6377 3 0 0.00324074 0.0571626
10.6621 3 0 0 0.0565727
10.7053 3 0 0 0.0560761
10.7703 3 0 0 0.0530012
10.8419 3 0 0 0.0526956
10.8792 3 0 0 0.0516417
10.9039 3 0 0 0.0529542
10.9282 3 0 0 0.0500656
10.9914 3 0 0 0.0547704
11.0247 3 0 0 0.0535665
11.0283 3 0 0 0.048723
11.0699 3 0 0 0.0506578
11.1631 3 0 0 0.0461703
11.216 3 0 0 0.0468941
11.2626 3 0 0 0.0457571
11.2972 3 0 0 0.0469991
11.3614 3 0 0 0.047236
11.4414 4 0 0.0506382 0.0826413
11.4528 4 0 0.0528926 0.0812599
11.5133 4 0 0.0514236 0.0796437
11.5632 4 0 0.050384 0.0782571
11.6138 4 0 0.0527273 0.077411
11.6802 4 0 0.0524377 0.0769425
11.7121 4 0 0.052344 0.0747131
11.744 4 0 0.0498885 0.0753748
11.7674 4 0 0.0459172 0.077527
11.7949 4 0 0.04839 0.078752
11.83 4 0 0.0457109 0.0785062
11.8418 4 0 0.0466667 0.0774577
11.8696 4 0 0.0479409 0.0774596
11.8982 4 0 0.0397405 0.0773698
11.9329 4 0 0.0423613 0.0767837
11.9587 4 0 0.0411765 0.0775735
12.0314 4 0 0.0426449 0.0765458
12.0581 4 0 0.0481454 0.076971
12.1212 4 0 0.0460066 0.0770603
12.1669 4 0 0.0462807 0.0739443
12.1892 4 0 0.0457476 0.0776362
12.2447 4 0 0.0470455 0.0786488
12.2476 4 0 0.0487146 0.075133
12.2943 4 0 0.0436054 0.0771499
12.3523 4 0 0.0440237 0.077076
12.4101 4 0 0.0424251 0.0792045
12.4602 4 0 0.0451556 0.0770483
12.4738 4 0 0.0447087 0.0754665
12.5037 4 0 0.0435672 0.0751347
12.569 4 0 0.0424913 0.0765229
12.5902 4 0 0.0395062 0.0743771
12.5628 4 0 0.0375 0.0747233
12.6227 4 0 0.0395062 0.0741547
12.6538 4 0 0.0384 0.0746634
12.6932 4 0 0 0.0734973
12.7661 4 0 0 0.07502
12.8182 5 0 0.0735952 0.0907625
12.8533 5 0 0.0721983 0.0899099
12.8782 5 0 0.070254 0.0873237
12.8911 5 0 0.0653841 0.0849682
12.8883 5 0 0.0595155 0.0865692
12.931 5 0 0.0597439 0.0867462
13.0005 5 0 0.0591726 0.086159
13.0525 5 0 0.0578407 0.0876294
13.0613 5 0 0.0584523 0.0859545
13.0539 5 0 0.0535909 0.0867565
13.1005 5 0 0.0573025 0.0855043
13.1406 5 0 0.0564497 0.0860841
13.1577 5 0 0.0533141 0.084443
13.1761 5 0 0.0509866 0.0816048
13.2324 5 0 0.0515035 0.0835199
13.2695 5 0 0.0495351 0.084293
13.2805 5 0 0.0435358 0.0820504
13.3667 5 0 0.0346655 0.0799927
13.3867 5 0 0.0215511 0.0829052
13.4485 5 0 0.017036 0.0815474
13.4855 5 0 0.0127276 0.0813882
13.5129 5 0 0.0127592 0.0815888
13.5628 5 0 0.0131787 0.0750624
13.6551 5 0 0.0131834 0.0818482
13.6847 5 0 0.012932 0.0703072
13.7057 5 0 0.0125849 0.0566115
13.712 5 0 0.0113504 0.0462188
13.7705 5 0 0.00991736 0.0453116
13.8003 5 0 0.0059668 0.0399683
13.8152 5 0 0.00468831 0.0410097
13.8716 5 0 0.00468831 0.0424314
13.9384 5 0 0.00142661 0.041456
13.9788 5 0 0.000832956 0.0444183
13.9956 5 0 0 0.0391877
14.0129 5 0 0 0.0372397
14.0456 5 0 0 0.0420781
14.0909 5 0 0 0.0391127
14.0986 5 0 0 0.0428324
14.1193 5 0 0 0.0446395
14.1651 5 0 0 0.0495537
14.1699 5 0 0 0.0424872
14.2114 5 0 0 0.0459649
14.2552 5 0 0 0.0441653
14.3003 5 0 0 0.045924
14.3074 5 0 0 0.0422337
14.4001 5 0 0 0.0359711
14.4327 5 0 0 0.0435046
14.441 5 0 0 0.0437556
14.4634 5 0 0 0.044271
14.4798 5 0 0 0.0416744
14.505 5 0 0 0.034533
14.5795 5 0 0 0.0372978
14.6017 5 0 0 0.032396
14.6469 5 0 0 0.0304559
14.7063 5 0 0 0.025908
14.7607 5 0 0 0.0329494
14.7849 5 0 0 0.0333594
14.8603 5 0 0 0.036172
14.8774 5 0 0 0.0361735
14.9317 5 0 0 0.0382625
14.9669 5 0 0 0.0388459
15.0321 5 0 0 0.0374459
15.0774 5 0 0 0.0373703
15.1256 5 0 0 0.0270795
15.19 5 0 0 0.0344106
15.236 5 0 0 0.0343359
15.2926 5 0 0 0.03608
15.3156 5 0 0 0.0274306
15.3618 5 0 0 0.0338129
15.376 5 0 0 0.0304875
15.4171 5 0 0 0.0254459
15.4369 5 0 0 0.0156401
15.4752 5 0 0 0.0153061
15.5163 5 0 0 0.0148097
15.576 5 0 0 0.0156522
15.6413 5 0 0 0.0156198
15.6692 5 0 0 0.0137037
15.6818 5 0 0 0.01
15.7129 6 0 0.00673469 0.054823
15.7853 6 0 0.00852071 0.0361505
15.814 6 0 0.00991736 0.0340023
15.8254 6 0 0.00691358 0.0329196
15.8772 6 0 0 0.0248816
15.9102 6 0 0 0.0195291
15.9389 6 0 0 0.0223813
15.9791 6 0 0 0.0261328
16.0252 6 0 0 0.0275446
16.0456 6 0 0 0.0280816
16.0875 6 0 0 0.0223543
16.1609 6 0 0 0.0323077
16.1941 6 0 0 0.0343878
16.2095 6 0 0 0.0327
16.2334 6 0 0 0.0261626
16.279 6 0 0 0.0314256
16.3287 6 0 0 0.0306246
16.3858 6 0 0 0.0304989
16.4089 6 0 0 0.0309263
16.4672 6 0 0 0.025713
16.4965 6 0 0 0.023725
16.5619 6 0 0 0.0250178
16.5858 6 0 0 0.0219527
16.6424 6 0 0 0.0151389
16.6572 7 0 0.0202076 0.060168
16.714 7 0 0.01 0.067854
16.7514 7 0 0.0096 0.0714818
16.7907 7 0 0.0075 0.0779621
16.8142 7 0 0.0064 0.075903
16.8627 7 0 0 0.0738784
16.8994 7 0 0 0.0720736
16.9321 7 0 0 0.0734712
16.9739 7 0 0 0.07676
17.0192 7 0 0 0.0821881
17.0609 7 0 0 0.0829752
17.1048 7 0 0 0.0815702
17.1317 7 0 0 0.0823256
17.1883 7 0 0 0.082791
17.2261 7 0 0 0.0775619
17.2823 7 0 0 0.0800594
17.3355 7 0 0 0.075872
17.3794 7 0 0 0.0777227
17.4381 7 0 0 0.0833735
17.48 7 0 0 0.0849578
17.5513 7 0 0 0.0847401
17.5963 7 0 0 0.080789
17.588 7 0 0 0.0788032
17.6667 7 0 0 0.0827087
17.6964 7 0 0 0.0807085
17.7545 7 0 0 0.0838961
17.7448 7 0 0 0.0759385
17.7713 7 0 0 0.071484
17.8532 7 0 0 0.0724244
17.907 7 0 0 0.0717833
17.8929 7 0 0 0.0677219
17.9003 7 0 0 0.0624852
17.9239 7 0 0 0.049292
18.0165 7 0 0 0.0419382
18.0564 7 0 0 0.0543059
18.0954 7 0 0 0.037845
18.1667 7 0 0 0.0317836
18.1821 7 0 0 0.0396922
18.2243 7 0 0 0.0523765
18.2939 7 0 0 0.0494485
18.3524 7 0 0 0.0641327
18.4141 7 0 0 0.0568047
18.4367 7 0 0 0.0138667
18.4373 7 0 0 0.00916667
18.4759 7 0 0 0.00598338
18.499 7 0 0 0.0189569
18.552 7 0 0 0.0282045
18.5855 7 0 0 0.02688
18.6062 7 0 0 0.0255556
18.6455 7 0 0 0.0274897
18.6711 7 0 0 0.0311111
18.7109 7 0 0 0.03232
18.731 7 0 0 0.0340828
18.8307 7 0 0 0.032699
18.8933 7 0 0 0.0316735
18.9447 7 0 0 0.0291049
18.9897 7 0 0 0.0213111
19.0155 7 0 0 0.025
19.0337 7 0 0 0.00991736
19.0688 7 0 0 0
19.0705 7 0 0 0
19.1469 7 0 0 0.0108
19.1467 7 0 0 0
19.1882 7 0 0 0
19.2379 7 0 0 0
19.3078 7 0 0 0.0288
19.3253 7 0 0 0.03
19.3338 7 0 0 0
19.3854 7 0 0 0
19.4044 8 0 0 0.0650654
19.4198 8 0 0 0.0634667
19.4643 8 0 0 0.0500889
19.5034 8 0 0 0.024127
19.5557 8 0 0 0
19.5753 8 0 0 0
19.6252 8 0 0 0
19.6782 8 0 0 0
19.7265 9 0 0 0.129302
19.7493 9 0 0 0.127055
19.7684 9 0 0 0.124846
19.7955 9 0 0 0.118331
19.8453 9 0 0 0.120124
19.924 9 0 0 0.119888
19.9564 9 0 0 0.115993
19.9972 9 0 0 0.112053
20.0631 9 0 0 0.112298
20.0922 10 0 0.11111 0.13515
20.1225 10 0 0.109905 0.126733
20.1821 10 0 0.109349 0.135255
20.2283 10 0 0.107121 0.137075
20.2553 10 0 0.111008 0.135577
20.2623 10 0 0.112528 0.131479
20.3259 10 0 0.111306 0.134257
20.3602 10 0 0.100661 0.131325
20.378 10 0 0.100871 0.13052
20.4187 10 0 0.0970462 0.125137
20.4879 10 0 0.0788927 0.126719
20.5601 10 0 0.0736203 0.133502
20.609 10 0 0.0787564 0.138342
20.6596 10 0 0.0704656 0.132885
20.6986 10 0 0.0757134 0.131231
20.7262 10 0 0.0895473 0.115889
20.8094 10 0 0.0812574 0.106551
20.8045 10 0 0.0663092 0.0984587
20.8875 10 0 0.0690352 0.10789
20.9553 10 0 0.0696962 0.114952
20.9889 10 0 0.0553956 0.123843
21.0477 10 0 0.0641644 0.121795
21.0951 10 0 0.0607334 0.125062
21.1066 10 0 0.0549861 0.124925
21.1391 10 0 0.0578086 0.123257
21.1734 10 0 0.0602493 0.122555
21.1728 10 0 0.0511243 0.112704
21.1979 10 0 0.0468698 0.106635
21.2257 10 0 0.0484429 0.0899436
21.233 10 0 0.0316898 0.0999015
21.2867 10 0 0.0231405 0.106665
21.3138 10 0 0 0.101849
21.3514 10 0 0 0.114887
21.3835 10 0 0 0.112787
21.448 10 0 0 0.111728
21.5114 10 0 0 0.115803
21.5386 10 0 0 0.112046
21.5912 10 0 0 0.113652
21.6413 10 0 0 0.113479
21.6545 10 0 0 0.10981
21.6864 10 0 0 0.104458
21.702 11 0 0.0925551 0.144046
21.7417 11 0 0.091821 0.142476
21.8087 11 0 0.106501 0.147236
21.8752 11 0 0.09875 0.146268
21.9093 11 0 0.0944133 0.138936
21.9118 11 0 0.0928512 0.141992
21.9212 11 0 0.0958 0.143175
21.9864 11 0 0.0745679 0.142175
21.9986 11 0 0.0540741 0.136052
22.0143 11 0 0.0177778 0.133772
22.0827 11 0 0.00979592 0.136968
22.1493 11 0 0 0.13923
22.1861 11 0 0 0.138975
22.1956 11 0 0 0.133886
22.2269 11 0 0 0.126499
22.2594 11 0 0 0.113135
22.2877 11 0 0 0.0958117
22.3187 11 0 0 0.0897823
22.3485 11 0 0 0.0949338
22.3978 11 0 0 0.095025
22.4247 11 0 0 0.106163
22.4367 11 0 0 0.110494
22.4888 11 0 0 0.109685
22.5335 11 0 0 0.109394
22.5589 11 0 0 0.10866
22.5733 11 0 0 0.108058
22.6135 12 0 0.0961433 0.155208
22.6753 12 0 0.0837591 0.156149
22.713 12 0 0.100989 0.160869
22.7543 12 0 0.0963892 0.147023
22.781 12 0 0.099352 0.152233
22.8218 12 0 0.0909935 0.144217
22.8669 12 0 0.050875 0.137074
22.9349 12 0 0.0466392 0.140875
22.9519 12 0 0.0705669 0.137307
22.9808 12 0 0.079296 0.142032
23.0137 12 0 0.0968707 0.141117
23.052 12 0 0.0977694 0.14374
23.0662 12 0 0.0923457 0.139801
23.1036 12 0 0.0909695 0.145879
23.1719 12 0 0.080576 0.139107
23.2053 12 0 0.0876736 0.140416
23.2395 12 0 0.0648667 0.145329
23.2728 12 0 0.0762245 0.143743
23.2939 12 0 0.0832466 0.135805
23.3433 12 0 0.0866049 0.138904
23.3876 12 0 0.0872058 0.128305
23.4309 12 0 0.0811019 0.128976
23.4549 12 0 0.0990278 0.128209
23.4866 12 0 0.0940625 0.115289
23.4984 12 0 0.0775 0.11554
23.5682 12 0 0.0716049 0.102932
23.6285 12 0 0.0390278 0.0980813
23.6602 12 0 0.037449 0.0936074
23.6831 12 0 0.0128 0.109297
23.7666 12 0 0.0156444 0.098963
23.805 12 0 0.0143945 0.101926
23.8271 12 0 0.00442907 0.111909
23.8969 12 0 0.00285322 0.113353
23.9187 12 0 0.0027551 0.112181
23.9725 12 0 0.00216049 0.104592
23.9895 12 0 0.0027551 0.112741
24.0549 12 0 0.00765306 0.108972
24.116 12 0 0.015 0.110677
24.154 12 0 0.0131944 0.11406
24.2186 12 0 0.0153635 0.114129
24.274 12 0 0.0192 0.101977
24.3017 12 0 0.0183673 0.107813
24.3417 12 0 0.0198 0.103429
24.4099 12 0 0.0177778 0.0819903
24.444 12 0 0.0199111 0.087524
24.4963 12 0 0.02 0.103088
24.5041 12 0 0.0185124 0.0994609
24.5106 12 0 0.02 0.102302
24.5816 12 0 0.0194444 0.0830783
24.6343 12 0 0.0197531 0.0860661
24.7009 12 0 0.00661157 0.0726879
24.7484 12 0 0.0138272 0.0611883
24.7987 12 0 0.00875 0.0404649
24.8514 12 0 0.00979592 0.0333518
24.899 12 0 0.0170414 0.0249047
24.9379 12 0 0.0156444 0.0243375
24.9897 12 0 0.0192 0.0148469
25.0134 12 0 0.0177778 0.0156408
25.0866 12 0 0.0168 0.015062
25.1297 12 0 0.015 0.0148346
25.1867 12 0 0.0197531 0.0153497
25.2538 12 0 0.0189349 0.0127701
25.2895 12 0 0.0192 0.0139446
25.2945 12 0 0.02 0.0141061
25.3319 12 0 0.0192 0.0150531
25.3808 12 0 0.015 0.0131481
25.3981 12 0 0.0177778 0.0137741
25.3961 12 0 0.0111111 0.0132
25.4545 12 0 0 0.0149
25.5097 12 0 0 0.0147368
25.5626 12 0 0 0.0146939
25.6027 13 0 0.0121875 0.153439
25.6305 13 0 0.00805556 0.15985
25.6564 13 0 0.0052071 0.159925
25.6933 13 0 0.00395062 0.158544
25.7429 13 0 0.00415225 0.161713
25.7629 13 0 0.00248889 0.157552
25.79 13 0 0 0.157205
25.8172 13 0 0 0.156432
25.8485 13 0 0 0.162014
25.8986 13 0 0 0.161543
25.9319 13 0 0 0.159511
25.9747 13 0 0 0.153817
25.9966 13 0 0 0.145905
26.0089 13 0 0 0.127463
26.0531 13 0 0 0.118148
26.089 13 0 0 0.120444
26.1176 13 0 0 0.11758
26.1685 13 0 0 0.11985
26.1911 13 0 0 0.109297
26.2194 13 0 0 0.102284
26.256 13 0 0 0.093
26.3 13 0 0 0.0789116
26.3468 13 0 0 0.0857851
26.3938 13 0 0 0.102431
26.434 13 0 0 0.108512
26.468 13 0 0 0.109444
26.5077 14 0 0.103802 0.194341
26.5434 14 0 0.105417 0.195224
26.5931 14 0 0.107438 0.188988
26.6206 14 0 0.07875 0.188948
26.6756 14 0 0.0583333 0.191802
26.6978 14 0 0 0.194163
26.7154 14 0 0 0.189111
26.7689 14 0 0 0.191398
26.8021 14 0 0 0.188852
26.819 14 0 0 0.188003
26.8378 14 0 0 0.181683
26.9068 14 0 0 0.166633
26.9173 14 0 0 0.156484
26.9444 14 0 0 0.156099
26.9724 14 0 0 0.137773
27.0039 14 0 0 0.128273
26.993 14 0 0 0.130491
27.0538 14 0 0 0.130156
27.0838 14 0 0 0.120026
27.0863 15 0 0.103858 0.126642
27.1265 15 0 0.06125 0.0958454
27.2226 15 0 0.0348444 0.113067
27.2398 15 0 0.046281 0.11501
27.291 15 0 0.0519382 0.0916961
27.3234 15 0 0.0553086 0.0926705
27.3451 15 0 0 0.108461
27.3335 15 0 0 0.105631
27.3903 15 0 0 0.119765
27.4132 15 0 0 0.0855787
27.4324 15 0 0 0.0768419
27.4753 15 0 0 0.0581695
27.545 15 0 0 0.0260113
27.5257 15 0 0 0.0264859
27.5682 15 0 0 0.0310075
27.6263 15 0 0 0.018391
27.642 15 0 0 0.0172408
27.6321 15 0 0 0.0149573
27.6594 15 0 0 0.0142952
27.7032 15 0 0 0.0148236
27.7359 15 0 0 0.0144483
27.7785 15 0 0 0.0146607
27.8249 15 0 0 0.0146319
27.8631 15 0 0 0.013925
27.9161 15 0 0 0.0128653
27.9374 15 0 0 0.0125941
27.9838 15 0 0 0.0118381
28.007 15 0 0 0.0112402
28.025 15 0 0 0.0104107
28.0883 15 0 0 0.0103004
28.119 15 0 0 0.0112247
28.1717 15 0 0 0.0107715
28.2186 15 0 0 0.0111243
28.2428 15 0 0 0.0113574
28.2479 15 0 0 0.0109752
28.2912 15 0 0 0.010192
28.3588 15 0 0 0.00995926
28.3934 15 0 0 0.009936
28.4259 15 0 0 0.00956597
28.4659 15 0 0 0.00986159
28.5135 15 0 0 0.00888889
28.5244 15 0 0 0.009375
28.565 15 0 0 0.00950617
28.6211 16 0 0.00888889 0.165814
28.6743 16 0 0.00913495 0.163644
28.7315 16 0 0.00951814 0.165971
28.7678 16 0 0.00914931 0.162471
28.843 16 0 0.00913495 0.162983
28.8857 16 0 0.00970851 0.152045
28.9372 16 0 0.00987654 0.144216
28.9813 16 0 0.00945224 0.150718
29.0252 16 0 0.00810964 0.155525
29.0472 16 0 0.0064 0.160466
29.0904 16 0 0.00707337 0.164294
29.1358 16 0 0.00719723 0.158651
29.1718 16 0 0.00796617 0.165444
29.2184 16 0 0.00761493 0.160046
29.2609 16 0 0.00867769 0.140534
29.329 16 0 0.00595041 0.127448
29.3627 16 0 0.00940247 0.145956
29.4104 16 0 0.00869172 0.14384
29.4384 16 0 0.00879633 0.162417
29.5105 16 0 0.00846881 0.163225
29.5507 16 0 0.00864266 0.158824
29.6168 16 0 0.00677867 0.16119
29.6762 16 0 0.00504801 0.150625
29.7346 16 0 0.00514233 0.161481
29.8008 16 0 0.00691358 0.133591
29.8586 16 0 0.00732461 0.127556
29.9273 16 0 0.00725624 0.120717
29.9552 16 0 0.00382653 0.120036
29.9953 16 0 0.00408284 0.119249
30.0794 16 0 0.00408284 0.127127
30.1106 16 0 0.00330579 0.138762
30.1318 16 0 0.00181406 0.142542
30.1884 16 0 0.00241415 0.150485
30.2485 16 0 0.00321799 0.152666
30.2708 16 0 0.00173554 0.158656
30.3236 16 0 0.00209877 0.15341
30.3668 16 0 0.00221453 0.157475
30.4055 16 0 0 0.154964
30.4542 16 0 0 0.153143
30.4911 16 0 0 0.139501
30.5109 16 0 0 0.142016
30.555 16 0 0 0.133184
30.6288 16 0 0 0.117752
30.6401 16 0 0 0.13679
30.6824 16 0 0 0.0870748
30.7178 16 0 0 0.0845455
30.7584 16 0 0 0.148112
30.7902 16 0 0 0.116653
30.8514 16 0 0 0.0134256
30.9496 16 0 0 0.0135937
31.0291 16 0 0 0.0138667
31.1098 16 0 0 0.0108333
31.1334 16 0 0 0.0136735
31.2076 16 0 0 0.0139063
31.2563 16 0 0 0.0142155
31.3157 16 0 0 0.0135
31.3523 16 0 0 0.0134711
31.4076 16 0 0 0.0129082
31.4361 16 0 0 0.0113889
31.4987 16 0 0 0.011358
31.5538 16 0 0 0.0122711
31.5992 16 0 0 0.0132699
31.6346 16 0 0 0.0114453
31.6575 16 0 0 0.0109394
31.7111 16 0 0 0.0106996
31.7675 16 0 0 0.011075
31.7847 16 0 0 0.0108264
31.8217 16 0 0 0.00954142
31.8661 17 0 0.00908599 0.118112
31.8805 17 0 0.00673469 0.138356
31.9354 17 0 0.00677867 0.100889
31.9803 17 0 0.00856124 0.0873958
32.0058 17 0 0.00702479 0.117755
32.0604 17 0 0.00888889 0.131735
32.1188 17 0 0.00994083 0.125976
32.1659 17 0 0.00989298 0.0757031
32.2268 17 0 0.00918367 0.063155
32.2562 17 0 0.00725624 0.0669444
32.2973 17 0 0.00782222 0.11102
32.3343 17 0 0.00824142 0.083125
32.3973 17 0 0.00824142 0.0542969
32.3897 17 0 0.00449532 0.0617347
32.4263 17 0 0.00568163 0.0557031
32.5283 17 0 0.00677867 0.0230385
32.5527 17 0 0.00595041 0.0224
32.6041 17 0 0.00722992 0.0201563
32.671 17 0 0.007975 0.0133058
32.6869 17 0 0.00555556 0.00978148
32.7263 17 0 0.004375 0.015025
32.757 17 0 0.00330579 0.0151736
32.7713 17 0 0.00859375 0.0154446
32.7698 17 0 0.0036 0.0128746
32.805 17 0 0.00330579 0.0113368
32.8239 17 0 0 0.0116446
32.8691 17 0 0 0.010944
32.9389 17 0 0 0.00949598
32.9616 17 0 0 0.0100692
32.9937 17 0 0 0.00965398
33.0613 17 0 0 0.00728395
33.0595 17 0 0 0.0070868
33.071 17 0 0 0.00663258
33.0782 17 0 0 0.00885318
33.0433 17 0 0 0.00949219
33.0941 17 0 0 0.00760816
33.1143 17 0 0 0.00646446
33.1401 17 0 0 0.0107805
33.2036 17 0 0 0.010321
33.2219 17 0 0 0.00941727
33.2388 17 0 0 0.00878028
33.2709 17 0 0 0.0105405
33.2942 17 0 0 0.010816
33.3237 17 0 0 0.0113778
33.3251 17 0 0 0.00961073
33.3588 17 0 0 0.00795556
33.3809 17 0 0 0.00828809
33.4083 17 0 0 0.0100625
33.4215 17 0 0 0.00971072
33.48 17 0 0 0.00920248
33.4898 17 0 0 0.0107971
33.5398 17 0 0 0.00967864
33.5948 17 0 0 0.0113152
33.6457 17 0 0 0.0110398
33.6748 17 0 0 0.0119637
33.713 17 0 0 0.0118876
33.7632 17 0 0 0.0106818
33.8045 17 0 0 0.00927438
33.8296 17 0 0 0.00780963
33.8891 17 0 0 0.00621901
33.939 17 0 0 0.00913495
34.0205 17 0 0 0.00990493
34.0562 17 0 0 0.00947704
34.1241 17 0 0 0.0102743
34.1501 17 0 0 0.010928
34.1795 17 0 0 0.0112018
34.2397 17 0 0 0.011746
34.3103 17 0 0 0.0126033
34.3413 17 0 0 0.0123556
34.3736 17 0 0 0.0114612
34.4272 17 0 0 0.00955679
34.4647 17 0 0 0.00996094
34.5246 17 0 0 0.00940833
34.5851 18 0 0.00992653 0.0249657
34.6267 18 0 0.00940833 0.0248097
34.6202 18 0 0.0084 0.0226939
34.6643 18 0 0.00859375 0.0206367
34.7159 18 0 0.00555556 0.0238781
34.7944 18 0 0.00449532 0.0223011
34.8933 18 0 0.00462222 0.0219066
34.9248 18 0 0.0050173 0.0240988
34.9401 18 0 0.00471074 0.0236444
34.9841 18 0 0.00775623 0.0245231
35.0159 18 0 0.0099654 0.0192666
35.0511 18 0 0.009375 0.0169917
35.085 18 0 0.00987654 0.0150693
35.1348 18 0 0.0084 0.0106122
35.157 18 0 0.00888889 0.016025
35.1973 18 0 0.01 0.0197612
35.2342 18 0 0.00888889 0.0188062
35.3031 18 0 0.0099811 0.0184615
35.345 18 0 0.00979592 0.0177778
35.3855 18 0 0.008704 0.0188823
35.4334 18 0 0.00775623 0.019925
35.4638 18 0 0.0064 0.01923
35.495 18 0 0.0051 0.0187891
35.5399 18 0 0.00702479 0.0185124
35.6101 18 0 0.00710059 0.0212
35.6159 18 0 0.00147929 0.02125
35.6344 18 0 0.00142661 0.0204688
35.673 18 0 0.00234375 0.0229112
35.7323 18 0 0.00330579 0.0217284
35.7486 18 0 0.00339844 0.0209418
35.8296 18 0 0.00221453 0.0136111
35.8751 18 0 0.0011102 0.01
35.9422 18 0 0.00159722 0.00888889
35.984 18 0 0.00265306 0.0075
36.0327 18 0 0.00173554 0.0133333
36.0694 18 0 0.00680529 0.00888889
36.1289 18 0 0 0.00888889
36.1878 18 0 0 0.00888889
36.2474 18 0 0 0
36.2984 18 0 0 nan
36.3694 18 0 0 nan
36.4027 18 0 0 nan
36.4687 18 0 0 nan
36.5238 18 0 0 nan
36.5706 18 0 0 0
36.6134 18 0 0 nan
36.6759 18 0 0 nan
36.6961 18 0 0 nan
36.7285 18 0 0 0.00888889
36.7965 18 0 0 0
36.8407 18 0 0 0
36.9002 18 0 0 0
36.9208 18 0 0 0
36.9738 18 0 0 0
37.0054 18 0 0 0.0052071
37.0492 18 0 0 0.0096
37.1066 19 0 0.01 0.0513131
37.1411 19 0 0.0096 0.0402812
37.1813 19 0 0.01 0.0601796
37.2287 19 0 0.00991736 0.0281406
37.264 19 0 0.00972222 0.057503
37.2919 19 0 0.00979592 0.0352984
37.3422 19 0 0.00816327 0.0808876
37.3678 19 0 0.00691358 0.0670313
37.4112 19 0 0.0064 0.0513131
37.4719 19 0 0.0052071 0.0499481
37.4597 19 0 0.00864266 0.0542768
37.5266 19 0 0.0075 0.0907266
37.5785 19 0 0.00793388 0.05436
37.6217 19 0 0.00595041 0.0595153
37.64 19 0 0.00691358 0.0852778
37.6427 19 0 0.00395062 0.136488
37.6822 19 0 0.00462222 0.146281
37.6878 19 0 0 0.1316
37.7203 19 0 0 0.151003
37.7555 19 0 0 0.148889
37.8061 19 0 0 0.154311
37.8229 19 0 0 0.154083
37.8352 19 0 0 0.142347
37.9037 19 0 0 0.150694
37.9452 19 0 0 0.11625
37.9907 19 0 0 0.101108
38.0635 19 0 0 0.0861111
38.0932 19 0 0 0.124992
38.1044 19 0 0 0.151837
38.1267 19 0 0 0.148026
38.1851 19 0 0 0.134912
38.2326 19 0 0 0.105482
38.3118 19 0 0 0.12809
38.3536 19 0 0 0.108387
38.3955 19 0 0 0.12809
38.4163 20 0 0.0558 0.1434
38.4401 20 0 0.0363281 0.169375
38.4921 20 0 0 0.167197
38.5172 20 0 0 0.1426
38.5727 20 0 0 0.158281
38.5779 20 0 0 0.157812
38.6183 20 0 0 0.150247
38.6572 20 0 0 0.165651
38.6995 20 0 0 0.1616
38.706 20 0 0 0.163194
38.7466 20 0 0 0.0075
38.7673 20 0 0 0.0096
38.8534 20 0 0 0.01
38.8815 20 0 0 0.00888889
38.922 20 0 0 0.01
38.9957 20 0 0 0.0075
39.0473 20 0 0 0.01
39.0808 20 0 0 0.00888889
39.1078 20 0 0 0.0092562
39.1216 20 0 0 0.00888889
39.1794 20 0 0 0.01
39.2334 20 0 0 0.01
39.2782 20 0 0 0.00489796
39.3263 20 0 0 0
39.3739 20 0 0 0.00489796
39.4201 20 0 0 0
39.4357 20 0 0 0
39.4334 20 0 0 0
39.471 20 0 0 0
39.529 20 0 0 0
39.6267 20 0 0 0
39.6481 20 0 0 0
39.7195 20 0 0 0.00284024
39.7564 20 0 0 0.00305556
39.8095 20 0 0 0
39.8376 20 0 0 0
39.8817 20 0 0 0
39.9304 21 0 0 nan
39.9624 21 0 0 nan
39.9863 21 0 0 nan
40.0765 21 0 0 nan
40.0824 21 0 0 nan
40.1098 21 0 0 nan
40.1889 21 0 0 nan
40.2611 21 0 0 nan
40.3259 21 0 0 nan
40.3556 21 0 0 nan
40.3857 21 0 0 nan
40.4334 21 0 0 nan
40.4761 21 0 0 nan
40.5009 21 0 0 nan
40.5337 23 0 0 0.229865
40.5505 23 0 0 0.220048
40.6023 23 0 0 0.227721
40.6626 23 0 0 0.232922
40.705 23 0 0 0.230044
40.7686 23 0 0 0.226988
40.8176 23 0 0 0.226071
40.8534 23 0 0 0.222619
40.9097 23 0 0 0.217137
40.9523 23 0 0 0.220307
41.0115 23 0 0 0.212183
41.0384 23 0 0 0.208064
41.0905 23 0 0 0.220949
41.1275 23 0 0 0.183719
41.1724 23 0 0 0.196482
41.2452 23 0 0 0.185528
41.3012 23 0 0 0.209717
41.3332 23 0 0 0.211094
41.38 23 0 0 0.20831
41.3905 23 0 0 0.200706
41.4531 23 0 0 0.187372
41.5079 23 0 0 0.164147
41.5849 23 0 0 0.20129
41.6143 23 0 0 0.197041
41.6235 23 0 0 0.171891
41.6344 23 0 0 0.199102
41.6851 23 0 0 0.192617
41.7361 23 0 0 0.198222
41.8007 23 0 0 0.201579
41.8513 23 0 0 0.201073
41.8997 23 0 0 0.176094
41.9384 23 0 0 0.1918
42.0068 23 0 0 0.18432
42.0602 23 0 0 0.111111
42.1125 23 0 0 0.0319444
42.163 23 0 0 0.0362812
42.1918 23 0 0 0
42.2168 23 0 0 0
42.2238 23 0 0 0
42.2591 23 0 0 0
42.2988 23 0 0 0
42.3813 23 0 0 0
42.4113 23 0 0 0
42.4404 23 0 0 0
42.4458 23 0 0 0
42.486 23 0 0 0
42.5216 23 0 0 0
42.5722 23 0 0 0
42.6088 23 0 0 0
42.6405 23 0 0 0
42.6749 23 0 0 nan
42.7325 23 0 0 nan
42.777 23 0 0 nan
42.8284 23 0 0 nan
42.8506 23 0 0 nan
42.8811 23 0 0 nan
42.927 23 0 0 nan
43.0025 23 0 0 nan
43.0559 23 0 0 nan
43.113 23 0 0 nan
43.1469 25 0 0.187753 0.199244
43.171 25 0 0.173166 0.182758
43.2113 25 0 0.181011 0.167919
43.2517 25 0 0.173733 0.14054
43.2712 25 0 0.154075 0.148251
43.3227 25 0 0.1461 0.109708
43.3367 25 0 0.14 0.105539
43.3351 25 0 0.175648 0.113994
43.3929 25 0 0.189446 0.111122
43.405 25 0 0.206036 0.116283
43.4024 25 0 0.207778 0.120095
43.4563 25 0 0.164408 0.0921694
43.5048 25 0 0.10263 0.105748
43.5298 25 0 0.044775 0.123016
43.5518 25 0 0.0223229 0.117706
43.6224 25 0 0.0224589 0.0850674
43.6773 25 0 0.02215 0.0667144
43.7255 25 0 0.0215648 0.0550232
43.7906 25 0 0.0213879 0.0444287
43.8354 25 0 0.0221297 0.0467129
43.8975 25 0 0.0218549 0.0711347
43.9499 25 0 0.0224913 0.0775309
44.0094 25 0 0.0224609 0.0597022
44.0121 25 0 0.01875 0.0695004
44.0426 25 0 0.013056 0.051304
44.0508 25 0 0.015104 0.050753
44.0758 25 0 0.0165289 0.0517131
44.1215 25 0 0.0116263 0.0650733
44.1015 25 0 0.0145125 0.0501586
44.1408 25 0 0.0155125 0.0377909
44.1478 25 0 0.0195918 0.0385261
44.2041 25 0 0.0194444 0.038284
44.2274 25 0 0.0193772 0.0391136
44.2559 25 0 0.0195014 0.0367969
44.2685 25 0 0.0195014 0.0349112
44.3042 25 0 0.0199546 0.0334948
44.3561 25 0 0.0193772 0.0250178
44.3897 25 0 0.0198817 0.0257306
44.4627 25 0 0.0198347 0.031453
44.4753 25 0 0.0197531 0.0291156
44.549 25 0 0.0197531 0.0291731
44.6188 25 0 0.0198817 0.0284665
44.6218 25 0 0.0168 0.0328345
44.6479 25 0 0.0192 0.0261
44.66 25 0 0.015 0.0239335
44.7213 25 0 0.0177778 0.0186667
44.8006 25 0 0.0195918 0.0146528
44.825 25 0 0.0138272 0.00923611
44.8664 25 0 0.0192 0.0148476
44.8758 25 0 0 0.00398892
44.8979 25 0 0 0.00497778
44.9425 25 0 0 0.00568047
44.9647 25 0 0 0.0102
45.0303 25 0 0 0.0121488
45.0758 25 0 0 0.00888889
45.1375 25 0 0 0.0131265
45.182 25 0 0 0.00899063
45.1692 25 0 0 0.0105469
45.2072 25 0 0 0.0104142
45.2658 25 0 0 0.00934989
45.3172 25 0 0 0.00568047
45.3489 25 0 0 0.00508264
45.4223 26 0 0.00647901 0.0330864
45.4069 26 0 0.00371208 0.033719
45.4525 26 0 0.00195 0.0362327
45.5385 26 0 0.00222041 0.0365432
45.5575 26 0 0.00409058 0.0323457
45.5422 26 0 0.00398892 0.0277333
45.5594 26 0 0.00542534 0.0325
45.5975 26 0 0.0111111 0.0320988
45.6068 26 0 0.014592 0.0322222
45.6324 26 0 0.012487 0.0336
45.6138 26 0 0.0177778 0.0340741
45.6616 26 0 0.015 0.031875
45.6937 26 0 0.0164543 0.0277778
45.7439 26 0 0.0138272 0.0322222
45.7863 26 0 0.017323 0.03
45.825 26 0 0.0188167 0.0096
45.8616 26 0 0.0198127 0.01
45.9345 26 0 0.0199816 0.0075
45.9917 26 0 0.0186557 0.032
45.9743 26 0 0.0104142 0.0277686
45.9935 26 0 0.00753463 0.0319723
46.0645 26 0 0.0111111 0.0275
46.0723 26 0 0.0138272 0.0319008
46.1243 26 0 0.0156444 0.0342382
46.1659 26 0 0.0111111 0.0338462
46.1757 26 0 0.00611111 0.0299408
46.2216 26 0 0.00875 0.0314672
46.2602 26 0 0 0.0280541
46.2849 26 0 0 0.0279365
46.3547 26 0 0 0.0121875
46.3946 26 0 0 0.0128926
46.4267 26 0 0 0.0122449
46.4723 26 0 0 0.013125
46.5432 26 0 0 0.0114286
46.5676 26 0 0 0.00330579
46.5928 26 0 0 0
46.6255 26 0 0 0
46.6354 27 0 0 0.00568047
46.6357 27 0 0 0.0171901
46.6512 27 0 0 0.0072
46.731 27 0 0 0
46.8029 27 0 0 0
46.8342 27 0 0 0
46.912 28 0 0 0.0345679
46.9662 28 0 0 0.0396694
47.0187 28 0 0 0.0345679
47.0955 28 0 0 0.0497959
47.158 28 0 0 0.0497959
47.1928 28 0 0 0.0309375
47.1975 28 0 0 0.013125
47.2377 28 0 0 0.0138776
47.2993 28 0 0 0.0152066
47.3375 28 0 0 0.0153086
47.3872 28 0 0 0.0146939
47.4221 28 0 0 0.0112
47.4436 28 0 0 0
47.4715 28 0 0 0.0064
47.5356 28 0 0 0.00555556
47.586 28 0 0 0.0064
47.6485 28 0 0 0.0064
47.6789 28 0 0 0
47.7534 28 0 0 0
47.7799 28 0 0 0
47.8377 28 0 0 0
47.8633 28 0 0 0.0036
47.9265 28 0 0 0
47.9347 28 0 0 0.00714286
47.9648 28 0 0 0.00675556
48.0217 28 0 0 0.00531856
48.0632 28 0 0 0.00395062
48.0928 28 0 0 0.00471074
48.1202 28 0 0 0.00691358
48.1562 28 0 0 0.00917355
48.2093 28 0 0 0.00952741
48.2196 28 0 0 0.0083045
48.2748 28 0 0 0.00995556
48.3359 28 0 0 0.00987654
48.3695 28 0 0 0.009375
48.4289 28 0 0 0.012517
48.4851 28 0 0 0.0120139
48.5905 28 0 0 0.0120118
48.5957 28 0 0 0.013787
48.6419 28 0 0 0.0105307
48.6739 28 0 0 0.0114129
48.7167 28 0 0 0.012224
48.7583 28 0 0 0.0139583
48.791 28 0 0 0.0126316
48.8426 28 0 0 0.0106574
48.9066 28 0 0 0.00982222
48.966 28 0 0 0.00863281
49.0479 28 0 0 0.0123269
49.0724 28 0 0 0.0130178
49.0895 28 0 0 0.013056
49.1236 28 0 0 0.012517
49.1552 28 0 0 0.0127424
49.1902 28 0 0 0.0132872
49.217 28 0 0 0.0129687
49.2545 28 0 0 0.0110803
49.2794 28 0 0 0.0132653
49.3218 29 0 0.0142911 0.0572853
49.3783 29 0 0.0127032 0.0667128
49.4154 29 0 0.0125208 0.0698677
49.4386 29 0 0.013432 0.0653287
49.4837 29 0 0.0143056 0.0673923
49.5229 29 0 0.0137868 0.0704709
49.5966 29 0 0.0147 0.07125
49.6193 29 0 0.0141176 0.07
49.6529 29 0 0.0137 0.0660388
49.7437 29 0 0.0124567 0.06155
49.8136 29 0 0.0122222 0.0649307
49.8195 29 0 0.00995556 0.0642177
49.7947 29 0 0.00793388 0.0583934
49.7983 29 0 0.0064 0.0638017
49.8316 29 0 0 0.0569111
49.8612 29 0 0 0.0675992
49.8535 30 0 0.0618381 0.0234722
49.9312 30 0 0.0698148 0.0236111
49.9387 30 0 0.0689778 0.0144423
50.0243 30 0 0.0709141 0.0104308
50.0862 30 0 0.0669822 0.0120415
50.1217 30 0 0.0700826 0.00918367
50.1779 30 0 0.0666667 0.00387812
50.2042 30 0 0.0644628 0.00376731
50.2406 30 0 0.0609375 0.01425
50.318 30 0 0.0577778 0.0229167
50.4022 30 0 0.065 0.0431002
50.3823 30 0 0.0609375 0.027824
50.41 30 0 0.065 0.00810185
50.429 30 0 0.0609375 0
50.4449 30 0 0 0
50.5479 30 0 0 0
50.5477 30 0 0 0
50.6315 30 0 0 0
50.6672 30 0 0 0
50.734 30 0 0 0.00234375
50.7826 30 0 0 0.00274348
50.7854 31 0 0.0019 0.0273967
50.8049 31 0 0 0.0129778
50.8499 31 0 0 0.0108642
50.8719 31 0 0 0.00982699
50.9173 31 0 0 0.00768176
50.9618 31 0 0 0.0099
50.9943 31 0 0 0.0101323
51.0405 31 0 0 0.00842105
51.0678 31 0 0 0.0131519
51.1089 31 0 0 0.0141778
51.137 31 0 0 0.0149481
51.131 31 0 0 0.016079
51.1984 31 0 0 0.0157439
51.2441 31 0 0 0.0151111
51.3403 31 0 0 0.0157208
51.4019 31 0 0 0.0157089
51.4714 31 0 0 0.0154895
51.4907 31 0 0 0.0152816
51.5629 31 0 0 0.0151903
51.5851 31 0 0 0.0146484
51.6369 31 0 0 0.0141399
51.6706 31 0 0 0.0146281
51.6952 31 0 0 0.0144
51.7594 31 0 0 0.0156009
51.7614 31 0 0 0.0155372
51.7483 31 0 0 0.016568
51.78 31 0 0 0.0158333
51.7846 31 0 0 0.0150773
51.8169 31 0 0 0.0157025
51.8623 31 0 0 0.0163265
51.9054 31 0 0 0.0157823
51.9565 31 0 0 0.016256
51.9841 31 0 0 0.0164014
52.034 31 0 0 0.0160653
52.082 31 0 0 0.0154017
52.1026 31 0 0 0.0133333
52.1147 31 0 0 0.0119382
52.1681 31 0 0 0.0109184
52.1816 31 0 0 0.0138476
52.1756 31 0 0 0.0124931
52.2237 32 0 0.012475 0.0315289
52.2542 32 0 0.0132571 0.0330178
52.3205 32 0 0.0119632 0.0313623
52.3598 32 0 0.0107653 0.0267361
52.3629 32 0 0.00803805 0.0244998
52.392 32 0 0.00740741 0.025775
52.4337 32 0 0.00615385 0.0255037
52.4752 32 0 0.00827664 0.0281549
52.4832 32 0 0.0101677 0.0278106
52.5121 32 0 0.0107015 0.0258058
52.6094 32 0 0.0115835 0.0286496
52.6774 32 0 0.0104787 0.0287442
52.6758 32 0 0.00839844 0.027845
52.7036 32 0 0.00636574 0.0244261
52.7731 32 0 0.00549446 0.0283594
52.8144 32 0 0.00595041 0.0274743
52.8494 32 0 0.00420584 0.025758
52.8725 32 0 0.00209877 0.0262976
52.9581 32 0 0.0035371 0.0258436
52.9616 32 0 0.0044545 0.027034
52.9615 32 0 0.00402893 0.0273
52.9925 32 0 0.00457064 0.0250973
53.0392 32 0 0.00415225 0.0264691
53.0613 32 0 0 0.0273
53.1342 32 0 0 0.0280785
53.1341 32 0 0 0.0256198
53.1703 32 0 0 0.0265011
53.1576 32 0 0 0.026568
53.2162 32 0 0 0.0245816
53.2457 32 0 0 0.0238194
53.3039 32 0 0 0.022585
53.3322 32 0 0 0.0148437
53.3883 32 0 0 0.0166667
53.4016 32 0 0 0.0110803
53.4779 32 0 0 0.009375
53.4914 32 0 0 0.00816327
53.5366 32 0 0 0.0064497
53.5366 32 0 0 0.00451389
53.5583 32 0 0 0.006875
53.6176 32 0 0 0.00775087
53.6154 32 0 0 0.00420118
53.6646 32 0 0 0.00487603
53.694 32 0 0 0.00835556
53.729 32 0 0 0.0108876
53.7886 33 0 0.0127811 0.0441974
53.8378 33 0 0.0119835 0.0414152
53.885 33 0 0.0113223 0.0434019
53.9166 33 0 0.012672 0.0382153
53.9147 33 0 0.0112 0.0384514
53.9566 33 0 0.0113223 0.0373921
53.9967 33 0 0.0131272 0.0372222
54.0411 33 0 0.0128 0.0372
54.0617 33 0 0.010625 0.0350173
54.1302 33 0 0.0112 0.0336095
54.2091 33 0 0.0075 0.0315193
54.2174 33 0 0 0.0313889
54.3029 33 0 0 0.0298962
54.3629 33 0 0 0.0320139
54.3537 33 0 0 0.0293
54.3952 33 0 0 0.0255621
54.4402 33 0 0 0.02
54.5025 33 0 0 0.0195918
54.5372 33 0 0 0.02
54.6432 33 0 0 0.0189349
54.6806 33 0 0 0.0183673
54.755 33 0 0 0.0182699
54.7648 33 0 0 0.0119008
54.8236 33 0 0 0.0134694
54.864 33 0 0 0.0185124
54.9088 33 0 0 0.0191837
54.9058 33 0 0 0.00852071
54.96 33 0 0 0.0146939
54.9919 33 0 0 0.0111111
55.0196 33 0 0 0.0192
55.0547 33 0 0 0.0195918
55.085 33 0 0 0.015
55.1289 33 0 0 0.0192
55.1563 33 0 0 0.02
55.1968 34 0 0.0177778 0.0562331
55.2838 34 0 0.015 0.0563272
55.345 34 0 0 0.0565744
55.3975 34 0 0 0.0558367
55.4198 34 0 0 0.0526496
55.4907 35 0 0.0550865 0.0658909
55.5363 35 0 0.0561328 0.0701509
55.5569 35 0 0.0531588 0.0598647
55.6189 35 0 0.056025 0.0594876
55.6641 35 0 0.0569822 0.060098
55.6918 35 0 0.0480907 0.0529364
55.7547 35 0 0.02112 0.0593732
55.7682 35 0 0.0260355 0.0621564
55.7927 35 0 0.030839 0.0686313
55.8362 35 0 0.0188366 0.0653979
55.8794 35 0 0.0172336 0.0646549
55.9277 35 0 0.00867769 0.06819
55.9501 35 0 0.030839 0.0695474
55.9973 35 0 0.0340265 0.0682611
56.0416 35 0 0.0340265 0.0692266
56.0828 35 0 0.0486111 0.0673583
56.1332 35 0 0.0375 0.0638845
56.1701 35 0 0.0197531 0.0609509
56.2451 35 0 0.0152778 0.064588
56.3059 35 0 0.0152778 0.0675963
56.3717 35 0 0 0.061362
56.3826 35 0 0 0.0509388
56.4314 35 0 0 0.0564696
56.4915 35 0 0 0.0562393
56.5459 35 0 0 0.0534599
56.5765 35 0 0 0.0481023
56.632 35 0 0 0.0430666
56.649 35 0 0 0.0347232
56.6874 35 0 0 0.0282688
56.6941 35 0 0 0.0292802
56.7391 36 0 0.0277625 0.0893467
56.8227 36 0 0.0351218 0.088032
56.8657 36 0 0.0293804 0.0837963
56.9306 36 0 0.0370788 0.0809071
56.9897 36 0 0.041675 0.0857152
56.9916 36 0 0.0321166 0.0845131
56.995 36 0 0.0172368 0.0824604
57.0589 36 0 0.0245915 0.0843635
57.089 36 0 0.02751 0.0793426
57.0976 36 0 0.0193368 0.075957
57.1407 36 0 0.0201301 0.0730501
57.184 36 0 0.021426 0.0697844
57.201 36 0 0.0181612 0.0631404
57.2447 36 0 0.0254762 0.0579063
57.2794 36 0 0.0212902 0.0553308
57.3138 36 0 0.0141125 0.0532117
57.3483 36 0 0.0137543 0.0483934
57.3853 36 0 0.0138739 0.0403277
57.4266 36 0 0.0105027 0.038383
57.4466 36 0 0.010608 0.035991
57.4964 36 0 0.00809993 0.0374533
57.5618 36 0 0.0084 0.039186
57.6251 36 0 0.00852071 0.0353982
57.6731 36 0 0.00952741 0.0368529
57.711 36 0 0.009375 0.0319531
57.7529 36 0 0.01 0.0336538
57.7883 36 0 0.00995556 0.0308916
57.8031 36 0 0.00975069 0.0305826
57.8239 36 0 0.00976331 0.0310537
57.8649 36 0 0.00954082 0.030336
57.9065 36 0 0.00872449 0.0344231
57.9241 36 0 0.00856124 0.0357992
57.9373 36 0 0.00928019 0.0364515
58.0029 36 0 0.00934559 0.0327023
58.0406 36 0 0.00862041 0.0312463
58.078 36 0 0.00475624 0.0319678
58.1134 36 0 0 0.0366556
58.1545 36 0 0 0.0379835
58.1985 36 0 0 0.0369714
58.2333 36 0 0 0.0337617
58.2768 36 0 0 0.0334431
58.3034 36 0 0 0.0313572
58.3807 36 0 0 0.0293289
58.3961 36 0 0 0.0304625
58.4446 36 0 0 0.032192
58.5209 36 0 0 0.0277092
58.5838 36 0 0 0.0239796
58.6603 36 0 0 0.0282007
58.742 36 0 0 0.0276389
58.7983 36 0 0 0.0231579
58.8522 36 0 0 0.0223731
58.8957 36 0 0 0.0224575
58.9467 36 0 0 0.0244822
58.9879 36 0 0 0.0247948
58.9931 37 0 0.0245551 0.0431336
59.0222 37 0 0.0232099 0.0453593
59.0322 37 0 0.0211111 0.050048
59.0977 37 0 0.021875 0.0526156
59.1008 37 0 0.0222222 0.0499755
59.1397 37 0 0 0.0459753
59.1538 37 0 0 0.0502268
59.1599 37 0 0 0.050175
59.2256 37 0 0 0.0497314
59.2665 37 0 0 0.0480151
59.3177 37 0 0 0.047114
59.3583 37 0 0 0.0471407
59.4129 37 0 0 0.0451057
59.4372 37 0 0 0.0461439
59.4801 37 0 0 0.0356243
59.5043 37 0 0 0.0357202
59.5648 37 0 0 0.036462
59.595 37 0 0 0.0348803
59.6733 38 0 0.0313306 0.0589472
59.6952 38 0 0.0248611 0.054028
59.6949 38 0 0.0314062 0.0513495
59.753 38 0 0.0239506 0.0527194
59.8009 38 0 0.0197521 0.0513611
59.833 38 0 0.00888889 0.0510121
59.8688 38 0 0.00975069 0.0520679
59.9238 38 0 0.0172 0.0521455
59.9917 38 0 0.0119008 0.0537119
60.0463 38 0 0.00753463 0.0491333
60.0926 38 0 0.00875 0.0497979
60.1732 38 0 0.00497778 0.0481344
60.2085 38 0 0.00875 0.0441495
60.2437 38 0 0.00875 0.0436639
60.2932 38 0 0.0111111 0.0446433
60.3468 38 0 0.00661157 0.0432292
60.419 38 0 0.0072 0.0354959
60.4376 38 0 0 0.0365616
60.5008 38 0 0 0.0292915
60.518 38 0 0 0.028556
60.5881 38 0 0 0.0266
60.6295 38 0 0 0.0315083
60.7 38 0 0 0.0309423
60.7158 38 0 0 0.031108
60.7299 38 0 0 0.0328166
60.7954 38 0 0 0.0302222
60.8149 38 0 0 0.028224
60.868 38 0 0 0.0287528
60.9142 38 0 0 0.0305325
60.9404 38 0 0 0.0259556
60.9862 38 0 0 0.0302222
61.0183 38 0 0 0.0322449
61.0868 38 0 0 0.0255556
61.1291 38 0 0 0.0293878
61.1942 38 0 0 0.0277686
61.2679 38 0 0 0.0225
61.3124 38 0 0 0.0266667
61.3715 38 0 0 0.0291667
61.4273 39 0 0.03 0.0470694
61.4691 39 0 0.03 0.0492114
61.5331 39 0 0.0293878 0.0489879
61.5666 39 0 0.0293878 0.0481633
61.6044 39 0 0.0252 0.0502637
61.6415 39 0 0.0244898 0.044591
61.6981 39 0 0.0266667 0.040043
61.7363 39 0 0.0266667 0.0390807
61.7725 39 0 0.0297521 0.044352
61.7989 39 0 0.0288 0.0433314
61.8403 39 0 0.027551 0.0363889
61.9153 39 0 0.0297521 0.0289847
61.9492 39 0 0.0266667 0.0277778
61.9848 39 0 0 0.0300059
62.0276 39 0 0 0.0354339
62.0546 39 0 0 0.0302118
62.1108 39 0 0 0.0230796
62.1571 39 0 0 0.0221995
62.2278 39 0 0 0.0238831
62.2648 39 0 0 0.0213611
62.3087 39 0 0 0.0203025
62.3675 39 0 0 0.0181154
62.3879 39 0 0 0.0192014
62.4465 39 0 0 0.0194115
62.4992 39 0 0 0.0178542
62.5432 39 0 0 0.0201622
62.5857 39 0 0 0.0205896
62.6286 39 0 0 0.0209633
62.6627 39 0 0 0.0209336
62.684 40 0 0.0204435 0.059298
62.7154 40 0 0.0194839 0.0549609
62.7517 40 0 0.0186263 0.0410939
62.8172 40 0 0.0205388 0.0500412
62.8548 40 0 0.0181633 0.0577333
62.8932 40 0 0.015456 0.0508163
62.9434 40 0 0.0153735 0.0408221
63.0157 40 0 0.0148097 0.0396055
63.0403 40 0 0.0127336 0.0375236
63.0914 40 0 0.010096 0.0369231
63.1375 40 0 0.00979592 0.0328809
63.2006 40 0 0.00790123 0.0317949
63.2547 40 0 0.010752 0.0344598
63.284 40 0 0.014592 0.035025
63.2985 40 0 0.015 0.0386062
63.3429 40 0 0.0157396 0.0389292
63.3943 40 0 0.016128 0.0375843
63.4396 40 0 0.00285322 0.0365974
63.4646 40 0 0 0.0391111
63.491 40 0 0 0.0387505
63.5113 40 0 0 0.0377893
63.5745 40 0 0 0.0392148
63.6138 40 0 0 0.0364876
63.651 40 0 0 0.0362975
63.6766 40 0 0 0.0365278
63.7035 40 0 0 0.033192
63.7282 40 0 0 0.0330942
63.7401 40 0 0 0.0296479
63.7895 40 0 0 0.0293761
63.8588 40 0 0 0.033224
63.9623 40 0 0 0.031383
63.9906 40 0 0 0.0309951
63.9715 40 0 0 0.0270925
64.0071 40 0 0 0.0262331
64.0599 41 0 0.0283049 0.053843
64.0722 41 0 0.0284039 0.0511322
64.1246 41 0 0.026448 0.0535069
64.1932 41 0 0.0299093 0.0531065
64.2496 41 0 0.0278559 0.0521319
64.2781 41 0 0.0302778 0.0486525
64.2925 41 0 0.0285945 0.0475425
64.3459 41 0 0.0301631 0.0457311
64.3471 41 0 0.0304735 0.0405806
64.3959 41 0 0.0303026 0.0420542
64.4388 41 0 0.030753 0.0434837
64.4563 41 0 0.0329412 0.042453
64.4781 41 0 0.0298535 0.040548
64.4856 41 0 0.0264472 0.0380718
64.4947 41 0 0.0221716 0.0407482
64.5321 41 0 0.0194055 0.036133
64.5381 41 0 0.0232747 0.0399614
64.5484 41 0 0.0210182 0.0398778
64.5861 41 0 0.0156213 0.039805
64.6489 41 0 0.0127824 0.0399391
64.7065 41 0 0.0211592 0.0371769
64.7484 41 0 0.0235191 0.0371026
64.7843 41 0 0.0225 0.0351269
64.8114 41 0 0.0225 0.0331858
64.8514 41 0 0.023088 0.0307479
64.8789 41 0 0.024229 0.0283266
64.8866 41 0 0.017602 0.0293999
64.942 41 0 0.0153 0.033112
64.9699 41 0 0.0164231 0.0318702
65.0184 41 0 0.0166667 0.027958
65.0805 41 0 0.021417 0.0267565
65.1282 41 0 0.0225 0.029915
65.1419 41 0 0.0176726 0.0298478
65.2053 41 0 0.0180332 0.0299164
65.2556 41 0 0.0150519 0.0344945
65.301 41 0 0.0192 0.0387438
65.288 41 0 0.0192 0.0382138
65.2927 41 0 0.0199446 0.0304726
65.3154 41 0 0.0250694 0.0302571
65.361 41 0 0.028125 0.0279521
65.4302 41 0 0.0295848 0.0253308
65.474 41 0 0.0270083 0.02171
65.4916 41 0 0.0285185 0.0238753
65.5084 41 0 0.0266667 0.0317222
65.5231 41 0 0.027551 0.0297796
65.6049 41 0 0.0118519 0.0262426
65.6407 41 0 0 0.0337574
65.667 41 0 0 0.0366964
65.706 41 0 0 0.0326743
65.7199 41 0 0 0.0248627
65.7409 41 0 0 0.0246713
65.7565 41 0 0 0.02605
65.7883 41 0 0 0.0257116
65.8398 41 0 0 0.0268047
65.8552 41 0 0 0.023671
65.8992 41 0 0 0.021405
65.9347 41 0 0 0.0189817
65.9539 41 0 0 0.0154105
65.9744 41 0 0 0.0179855
66.0445 41 0 0 0.0215175
66.0959 41 0 0 0.020618
66.1358 41 0 0 0.0217851
66.1728 41 0 0 0.0244764
66.1948 41 0 0 0.0282246
66.2352 41 0 0 0.0281751
66.2941 41 0 0 0.0287245
66.3595 41 0 0 0.0269727
66.4023 41 0 0 0.0253498
66.4397 41 0 0 0.0214744
66.4715 41 0 0 0.0151985
66.5462 41 0 0 0.0139887
66.6064 41 0 0 0.0145455
66.6505 41 0 0 0.0110937
66.6972 41 0 0 0.00663891
66.7129 41 0 0 0.00538752
66.7626 42 0 0.00642221 0.0465625
66.8537 42 0 0.004304 0.0468027
66.9239 42 0 0.00395062 0.0486576
66.9239 42 0 0.00581315 0.04641
66.9327 42 0 0.0048026 0.0435
66.961 42 0 0.00683594 0.0323967
66.9974 42 0 0.0075 0.0333728
67.0049 42 0 0.00555556 0.0280992
67.0537 42 0 0.004375 0.0216066
67.1069 42 0 0.00609375 0.015102
67.1244 42 0 0.0075 0.014375
67.1394 42 0 0.00710059 0.0188
67.2181 42 0 0.0096 0.02
67.2635 42 0 0.00489796 0.0222222
67.3233 42 0 0.004375 0.0225
67.3406 42 0 0.00265306 0.0222222
67.3751 42 0 0 0.0232099
67.4332 42 0 0 0.0176
67.4904 42 0 0 0.01
67.5306 42 0 0 0.00888889
67.577 42 0 0 0.013125
67.6337 42 0 0 0.0096
67.6622 42 0 0 0.00987654
67.6991 42 0 0 0.00972222
67.7381 42 0 0 0.0096
67.7836 42 0 0 0
67.8392 42 0 0 0
67.8868 42 0 0 0
67.9367 42 0 0 0
67.9503 42 0 0 0
68.0056 42 0 0 nan
68.041 42 0 0 nan
68.0988 42 0 0 nan
68.1532 42 0 0 nan
68.187 42 0 0 nan
68.2483 42 0 0 nan
68.2772 42 0 0 nan
68.3389 42 0 0 nan
68.3762 42 0 0 nan
68.3805 42 0 0 nan
68.4046 42 0 0 nan
68.451 44 0 0.0288 0.0600119
68.5071 44 0 0.0273 0.0591156
68.5464 44 0 0.0298394 0.0607407
68.5999 44 0 0.0292521 0.060125
68.6272 44 0 0.0299725 0.0597463
68.6701 44 0 0.0292521 0.0561168
68.6965 44 0 0.0266667 0.0518519
68.7508 44 0 0.026263 0.0556401
68.794 44 0 0.0253444 0.0547
68.8298 44 0 0.026263 0.0534568
68.8733 44 0 0.0295312 0.0501235
68.9065 44 0 0.0205078 0.0533
68.9621 44 0 0.0274714 0.0527891
68.9993 44 0 0.026263 0.0475
69.0464 44 0 0.026263 0.0490323
69.0951 44 0 0.0266667 0.0498806
69.1327 44 0 0.0298225 0.0456382
69.1245 44 0 0.0238017 0.0412071
69.18 44 0 0.0202041 0.0375164
69.2008 44 0 0.00916667 0.0385764
69.2465 44 0 0.0146939 0.0366211
69.3029 44 0 0 0.0411791
69.3416 44 0 0 0.0393424
69.4073 44 0 0 0.0327575
69.4114 44 0 0 0.034256
69.4565 44 0 0 0.0282422
69.4914 44 0 0 0.0211556
69.5248 44 0 0 0.0252
69.5352 44 0 0 0.0203857
69.5199 44 0 0 0.0234911
69.5702 44 0 0 0.016875
69.6013 44 0 0 0.0132639
69.6352 44 0 0 0.019584
69.6876 44 0 0 0.026568
69.737 44 0 0 0.0313776
69.7589 44 0 0 0.0320916
69.7733 44 0 0 0.0334972
69.8231 44 0 0 0.0335277
69.8509 44 0 0 0.0336623
69.8999 44 0 0 0.0288643
69.93 44 0 0 0.030696
69.9705 44 0 0 0.0262643
69.9962 44 0 0 0.03044
70.0294 44 0 0 0.0326298
70.0681 44 0 0 0.0315385
70.0942 44 0 0 0.0331973
70.1635 44 0 0 0.0311806
70.1893 44 0 0 0.0306576
70.2429 44 0 0 0.0301172
70.2629 44 0 0 0.0236004
70.2989 44 0 0 0.0258203
70.3406 44 0 0 0.0154422
70.3869 44 0 0 0.0140687
70.4111 44 0 0 0.0109886
70.4593 44 0 0 0.0116889
70.4978 44 0 0 0.0132362
70.5082 44 0 0 0.0114
70.5622 44 0 0 0.0114
70.6002 44 0 0 0.0115702
70.6537 44 0 0 0.0114062
70.6957 44 0 0 0.013564
70.7142 44 0 0 0.0069
70.7366 44 0 0 0.00353741
70.7829 44 0 0 0.00597353
70.8278 44 0 0 0.00517007
70.8683 45 0 0.00862004 0.0411111
70.9405 45 0 0.00970414 0.0390204
70.9562 45 0 0.0092 0.0327096
70.9812 45 0 0.00595041 0.0312346
71.0351 45 0 0.0075 0.0264427
71.0691 45 0 0.00462222 0.0166205
71.1116 45 0 0.00462222 0.0172576
71.1374 45 0 0 0.018125
71.1771 45 0 0 0.0197531
71.2577 45 0 0 0.012038
71.2901 45 0 0 0.014539
71.2903 45 0 0 0.00664062
71.3202 45 0 0 0
71.3725 45 0 0 0
71.3917 45 0 0 0
71.4556 45 0 0 0.00404321
71.4938 45 0 0 0.00449219
71.5409 45 0 0 0.00566077
71.5785 45 0 0 0.00305556
71.6318 45 0 0 0.00643991
71.7236 45 0 0 0.00376731
71.7478 45 0 0 0.00554017
71.7667 45 0 0 0.00859504
71.8079 45 0 0 0.013125
71.8465 45 0 0 0.0128926
71.8642 45 0 0 0.0116263
71.9124 45 0 0 0.00987654
71.959 45 0 0 0.0096
72.0209 45 0 0 0.00972222
72.0666 45 0 0 0.0135537
72.0886 45 0 0 0.0141975
72.1356 45 0 0 0.0137037
72.2002 45 0 0 0.0137024
72.2367 45 0 0 0.0125
72.3109 45 0 0 0.0132231
72.3358 45 0 0 0.0141667
72.3964 45 0 0 0.014375
72.4184 45 0 0 0
72.4512 45 0 0 0
72.5241 45 0 0 0
72.5901 45 0 0 0
72.6585 46 0 0 0.00710059
72.6856 46 0 0 0.00782222
72.7254 47 0 0.00930748 0.0782548
72.7463 47 0 0.00888889 0.0628911
72.7926 47 0 0.00782222 0.0634122
72.8108 47 0 0.00824142 0.0458131
72.8699 47 0 0.00541103 0.0504462
72.9083 47 0 0.00568163 0.05135
72.9623 47 0 0.00404898 0.0645568
72.9643 47 0 0.0036 0.0663111
73.0189 47 0 0.00595041 0.061343
73.0822 47 0 0.00489796 0.0620719
73.1579 47 0 0.00609375 0.0625208
73.1939 47 0 0.00395062 0.0588704
73.1863 47 0 0.00395062 0.0481179
73.2358 47 0 0 0.057551
73.2679 47 0 0 0.0582249
73.3297 47 0 0 0.0557341
73.3566 47 0 0 0.0582
73.4133 47 0 0 0.0564583
73.4517 47 0 0 0.0615089
73.4753 47 0 0 0.0570312
73.533 47 0 0 0.0607202
73.5643 47 0 0 0.0608284
73.6267 47 0 0 0.06
73.6718 47 0 0 0.0620118
73.7284 47 0 0 0.06
73.7844 47 0 0 0.057284
73.829 47 0 0 0.0464198
73.9238 47 0 0 0.0373964
73.9948 48 0 0.0575207 0.0588223
74.0446 48 0 0.0467188 0.061698
74.0848 48 0 0.045 0.0570415
74.1612 48 0 0.0183333 0.0630469
74.2076 48 0 0.0198347 0.0706449
74.2506 48 0 0.0384 0.0682639
74.2361 48 0 0.0333333 0.0767867
74.2836 48 0 0 0.0765289
74.3424 48 0 0 0.0518821
74.3975 48 0 0 0.0672917
74.4471 48 0 0 0.0682548
74.4555 48 0 0 0.0607438
74.4556 48 0 0 0.0461806
74.5022 48 0 0 0.0146914
74.5341 48 0 0 0
74.5536 48 0 0 0
74.5622 48 0 0 0
74.5916 49 0 0 0.0884375
74.6201 49 0 0 0.0917647
74.6164 49 0 0 0.0858026
74.6675 49 0 0 0.0853694
74.7102 49 0 0 0.0859862
74.7444 49 0 0 0.0873646
74.8185 49 0 0 0.0823047
74.8905 49 0 0 0.0868262
74.9139 49 0 0 0.0870343
74.9691 49 0 0 0.0847034
74.9992 49 0 0 0.0824197
75.0088 49 0 0 0.0770312
75.0439 49 0 0 0.0823
75.0919 49 0 0 0.0828809
75.1346 49 0 0 0.0816327
75.1937 49 0 0 0.076875
75.2364 49 0 0 0.07125
75.305 49 0 0 0.055
75.3175 49 0 0 0.0525
75.3805 49 0 0 0.0133333
75.4614 49 0 0 0.0075
75.4854 49 0 0 0.0075
75.5268 49 0 0 0.00888889
75.5599 49 0 0 0.00888889
75.5676 49 0 0 0.01
75.606 49 0 0 nan
75.6538 49 0 0 nan
75.6479 50 0 0 0.286215
75.685 50 0 0 0.2878
75.6889 51 0 0.304711 0.140121
75.7028 51 0 0.29424 0.150837
75.7228 51 0 0.289778 0.13364
75.7686 51 0 0.210469 0.0703012
75.8195 51 0 0.20625 0.0793843
75.8695 51 0 0.23432 0.0806598
75.8643 51 0 0.22449 0.0836111
75.9291 51 0 0.244444 0.116975
76.0246 51 0 0.23432 0.0646429
76.0353 51 0 0.220679 0.067
76.0585 51 0 0.23432 0.0646875
76.1207 51 0 0.251211 0.067036
76.2102 51 0 0.185204 0.0663894
76.2432 51 0 0.193959 0.104
76.2992 51 0 0.193959 0.0814844
76.3813 51 0 0.244444 0.14615
76.4679 51 0 0.261749 0.212742
76.4821 51 0 0.259937 0.25723
76.5284 51 0 0.262004 0.254796
76.5611 51 0 0.260355 0.2425
76.5944 51 0 0.244444 0.253195
76.64 51 0 0.240375 0.174167
76.659 51 0 0.253781 0.109136
76.6883 51 0 0.202484 0.0750296
76.7444 51 0 0.176 0
76.8163 51 0 0.111347 0
76.8423 51 0 0.195266 0.00489796
76.9066 51 0 0.128561 0.004375
76.9267 51 0 0.0781065 0.0153086
76.961 51 0 0 0.0153846
77.0107 51 0 0 0.015
77.0581 51 0 0 0.0154687
77.143 51 0 0 0.0145778
77.205 51 0 0 0.0168858
77.1994 51 0 0 0.0170414
77.2803 51 0 0 0.0170667
77.3108 51 0 0 0.0161224
77.3979 51 0 0 0.015858
77.4648 51 0 0 0.0151479
77.5036 51 0 0 0.0139645
77.5552 51 0 0 0.0164198
77.6281 51 0 0 0.0158667
77.7029 51 0 0 0.0166667
77.7649 51 0 0 0.0161451
77.8141 51 0 0 0.0144849
77.8478 51 0 0 0.0152249
77.8547 51 0 0 0.0155687
77.9241 51 0 0 0.015216
77.983 51 0 0 0.016576
78.0057 51 0 0 0.016712
78.0199 51 0 0 0.0165986
78.0824 51 0 0 0.0160684
78.1221 51 0 0 0.0151184
78.1611 51 0 0 0.0146189
78.1951 51 0 0 0.0150892
78.2155 51 0 0 0.0152066
78.2516 51 0 0 0.0153397
78.2951 51 0 0 0.0139612
78.3881 51 0 0 0.0145817
78.4428 51 0 0 0.0120185
78.457 51 0 0 0.0128286
78.4596 51 0 0 0.0124781
78.4456 51 0 0 0.0113333
78.48 51 0 0 0.0118416
78.4936 51 0 0 0.00975674
78.5255 51 0 0 0.00692245
78.5629 51 0 0 0.0104726
78.5918 51 0 0 0.0123967
78.6196 51 0 0 0.011279
78.6972 51 0 0 0.0130372
78.7669 51 0 0 0.0164426
78.8041 51 0 0 0.0165378
78.8382 51 0 0 0.0163138
78.8875 51 0 0 0.0142868
78.9072 51 0 0 0.0149704
78.9785 51 0 0 0.0153306
79.0501 51 0 0 0.0154132
79.0898 51 0 0 0.0150294
79.1203 51 0 0 0.01569
79.1702 51 0 0 0.0155602
79.1921 51 0 0 0.0159839
79.2089 51 0 0 0.0156094
79.2537 51 0 0 0.0139256
79.2592 51 0 0 0.01245
79.318 51 0 0 0.0131826
79.3616 51 0 0 0.0126447
79.4197 51 0 0 0.0122272
79.4376 51 0 0 0.0113033
79.4286 51 0 0 0.00761349
79.4962 51 0 0 0.00958348
79.5358 51 0 0 0.00784024
79.5688 51 0 0 0.006656
79.5826 51 0 0 0.00696181
79.6346 51 0 0 0.0087
79.7126 51 0 0 0.00960302
79.7319 51 0 0 0.0105123
79.7777 51 0 0 0.00809042
79.7949 51 0 0 0.0079206
79.8278 51 0 0 0.00481405
79.9043 51 0 0 0.00663516
79.9702 51 0 0 0.00981859
80.0314 51 0 0 0.0116437
80.0773 51 0 0 0.0108025
80.1133 51 0 0 0.0120069
80.1689 51 0 0 0.0120069
80.2084 51 0 0 0.0113632
80.262 51 0 0 0.0115234
80.3157 51 0 0 0.0116
80.3657 51 0 0 0.0131641
80.4199 51 0 0 0.0131687
80.4839 51 0 0 0.0129705
80.5519 51 0 0 0.0133058
80.5966 51 0 0 0.013518
80.6601 51 0 0 0.012937
80.7446 51 0 0 0.013535
80.7981 51 0 0 0.0129
80.8737 51 0 0 0.0128061
80.9141 51 0 0 0.0136106
80.9562 51 0 0 0.0138062
81.0102 51 0 0 0.0143462
81.0327 51 0 0 0.014302
81.0814 51 0 0 0.013913
81.1116 51 0 0 0.0092
81.1211 51 0 0 0.00859504
81.1523 51 0 0 0.0128
81.2112 51 0 0 0.0064
81.2308 51 0 0 0.01
81.2229 51 0 0 0.0096
81.2915 51 0 0 0.01
81.3017 51 0 0 0.00888889
81.3536 51 0 0 0.0112
81.4215 51 0 0 0.0117188
81.4612 51 0 0 0.0132099
81.5082 51 0 0 0.0135537
81.5421 51 0 0 0.0136111
81.5792 51 0 0 0.0118519
81.6485 51 0 0 0.0112
81.7166 51 0 0 0
81.7677 51 0 0 0
81.8346 51 0 0 0
81.8912 51 0 0 0.01
81.9611 51 0 0 0
82.0135 51 0 0 0
82.0217 51 0 0 0.00555556
82.0221 51 0 0 0.0108
82.0295 51 0 0 0.0096
82.0898 51 0 0 0.0051
82.1454 52 0 0.00209877 0.0229138
82.2152 52 0 0 0.0223196
82.2882 52 0 0 0.0236089
82.3205 52 0 0 0.0228019
82.3597 52 0 0 0.022631
82.393 52 0 0 0.0219568
82.4789 52 0 0 0.0230376
82.4987 52 0 0 0.0226814
82.5457 52 0 0 0.0208815
82.6008 52 0 0 0.0196345
82.5968 52 0 0 0.0163612
82.6401 52 0 0 0.020266
82.6647 52 0 0 0.0213158
82.6911 52 0 0 0.0241592
82.7425 52 0 0 0.0238765
82.7893 52 0 0 0.023868
82.8683 52 0 0 0.0253099
82.8939 52 0 0 0.0250601
82.9073 52 0 0 0.0253164
82.964 53 0 0.0244872 0.040002
82.9787 53 0 0.0232872 0.0394082
83.0182 53 0 0.0222111 0.0411496
83.0434 53 0 0.0229112 0.0438611
83.0991 53 0 0.0208556 0.0428566
83.1617 53 0 0.020205 0.0429122
83.2132 53 0 0.0200641 0.0421
83.2744 53 0 0.0160064 0.0402121
83.3254 53 0 0.0140607 0.0418739
83.3652 53 0 0.0129337 0.0433175
83.3959 53 0 0.0131139 0.0396318
83.4516 53 0 0.0133887 0.0429086
83.5281 53 0 0.0147917 0.042963
83.5802 53 0 0.0132323 0.0427366
83.6425 53 0 0.0141778 0.0394061
83.6786 53 0 0.0180556 0.0398892
83.7336 53 0 0.0154278 0.0419565
83.7905 53 0 0.017408 0.0424627
83.8091 53 0 0.0119008 0.0428235
83.8759 53 0 0.0121875 0.042879
83.9135 53 0 0.00734619 0.04205
83.9634 53 0 0.00799049 0.041827
84.0381 53 0 0.00970273 0.0416594
84.0913 53 0 0.00555556 0.0387755
84.0991 53 0 0.004375 0.035982
84.1589 53 0 0 0.0354083
84.2267 53 0 0 0.0343821
84.2468 53 0 0 0.0383389
84.308 53 0 0 0.0375951
84.3484 53 0 0 0.038232
84.3966 54 0 0.0379714 0.0549173
84.443 54 0 0.0373517 0.0563269
84.4986 54 0 0.037212 0.0519325
84.5311 54 0 0.0318172 0.0490323
84.5687 54 0 0.0344044 0.0473813
84.5855 54 0 0.0333917 0.0454492
84.6307 54 0 0.0357075 0.048595
84.639 54 0 0.0342186 0.0521684
84.6736 54 0 0.0362543 0.0519117
84.6968 54 0 0.0333893 0.0511287
84.7499 54 0 0.0320448 0.0510017
84.8115 54 0 0.0320937 0.052574
84.8647 54 0 0.031997 0.0565589
84.8902 54 0 0.0280507 0.0538697
84.894 54 0 0.0211979 0.0538776
84.9282 54 0 0.0152105 0.053424
84.9572 54 0 0.0155128 0.0543495
85.009 54 0 0.017513 0.0536042
85.0654 54 0 0.0186888 0.0537111
85.1575 54 0 0.0217687 0.046
85.237 54 0 0.0210182 0.0479786
85.2586 54 0 0.0162331 0.0498967
85.2769 54 0 0.0132831 0.0491696
85.3413 54 0 0.0171225 0.0508521
85.4052 54 0 0.0156213 0.0499394
85.488 54 0 0.0211979 0.0495456
85.5391 54 0 0.0166667 0.049796
85.5777 54 0 0.012672 0.0500487
85.6462 54 0 0.00975765 0.046844
85.7168 54 0 0.008832 0.0440494
85.7325 54 0 0.0138667 0.0459517
85.7388 54 0 0.0175407 0.0461868
85.7863 54 0 0.00762397 0.0450591
85.8464 54 0 0.00952741 0.0457183
85.914 54 0 0.0163039 0.0457185
85.9692 54 0 0.0160537 0.0449863
85.9899 54 0 0.0118519 0.0445185
85.9896 54 0 0.00352617 0.0449354
85.9811 54 0 0 0.044712
86.0075 54 0 0 0.0407751
86.0312 54 0 0 0.0370761
86.0957 54 0 0 0.0374656
86.1195 54 0 0 0.0346074
86.1904 54 0 0 0.0381095
86.2423 54 0 0 0.0331523
86.2349 54 0 0 0.0315517
86.2411 54 0 0 0.0323222
86.3103 54 0 0 0.0353418
86.3469 54 0 0 0.0341971
86.3974 54 0 0 0.033719
86.4555 54 0 0 0.0252513
86.4747 54 0 0 0.0296254
86.5104 54 0 0 0.025676
86.5805 54 0 0 0.0297934
86.583 54 0 0 0.026896
86.5963 54 0 0 0.0259
86.6363 54 0 0 0.0273587
86.672 54 0 0 0.0242155
86.7184 54 0 0 0.030498
86.7582 54 0 0 0.0344297
86.7617 54 0 0 0.0282446
86.7947 54 0 0 0.03092
86.8346 54 0 0 0.0270382
86.8521 54 0 0 0.0236862
86.8849 54 0 0 0.0264444
86.9006 54 0 0 0.0222498
86.9466 54 0 0 0.0242076
87.0103 54 0 0 0.0221163
87.0559 54 0 0 0.0187326
87.1059 54 0 0 0.022796
87.1532 54 0 0 0.0232964
87.1932 54 0 0 0.0204602
87.1982 54 0 0 0.0160619
87.2061 54 0 0 0.0157438
87.2639 54 0 0 0.0115702
87.2973 54 0 0 0.0103214
87.3482 54 0 0 0.0108788
87.3983 54 0 0 0.0118381
87.407 54 0 0 0.0119197
87.4492 54 0 0 0.0114533
87.4925 54 0 0 0.0118015
87.5161 54 0 0 0.0128699
87.5643 54 0 0 0.014444
87.5974 54 0 0 0.0136443
87.613 54 0 0 0.0128113
87.6676 54 0 0 0.0136691
87.6764 54 0 0 0.0138696
87.7199 54 0 0 0.0136735
87.7559 54 0 0 0.0128675
87.7906 54 0 0 0.012778
87.8202 54 0 0 0.0121894
87.8849 54 0 0 0.012732
87.9243 54 0 0 0.0118876
87.9877 54 0 0 0.0127977
88.0578 54 0 0 0.0121877
88.0868 54 0 0 0.0127802
88.1071 54 0 0 0.0126339
88.154 54 0 0 0.0126304
88.1823 54 0 0 0.0126354
88.2102 54 0 0 0.0125391
88.2505 54 0 0 0.0125617
88.2756 54 0 0 0.0145376
88.3038 54 0 0 0.0156076
88.3491 54 0 0 0.015625
88.372 54 0 0 0.0167078
88.4264 54 0 0 0.0166716
88.4635 54 0 0 0.0173715
88.4839 54 0 0 0.0164235
88.5472 54 0 0 0.0169312
88.5881 54 0 0 0.0165723
88.6494 54 0 0 0.0166327
88.6719 54 0 0 0.0162022
88.6992 54 0 0 0.0161333
88.7623 54 0 0 0.0154469
88.8335 54 0 0 0.0153401
88.8821 54 0 0 0.0160342
88.9173 54 0 0 0.0155259
88.9477 54 0 0 0.0155111
88.991 54 0 0 0.0159168
88.9943 54 0 0 0.0137796
89.0235 54 0 0 0.014083
89.0471 54 0 0 0.0142901
89.0959 54 0 0 0.0130016
89.1478 54 0 0 0.0133837
89.1849 54 0 0 0.0142936
89.2296 54 0 0 0.0143339
89.2902 54 0 0 0.0135125
89.3445 54 0 0 0.0135147
89.3689 54 0 0 0.012889
89.3949 54 0 0 0.0129531
89.4266 54 0 0 0.012689
89.4508 54 0 0 0.0126157
89.4619 54 0 0 0.0136357
89.4852 54 0 0 0.0138788
89.5484 54 0 0 0.0145388
89.5961 54 0 0 0.0148443
89.616 54 0 0 0.0157553
89.6479 54 0 0 0.015168
89.6888 54 0 0 0.0154221
89.7369 54 0 0 0.0151655
89.8038 54 0 0 0.0152041
89.8414 54 0 0 0.014048
89.885 54 0 0 0.015338
89.926 54 0 0 0.0160124
89.9997 54 0 0 0.0150174
90.0407 54 0 0 0.0156198
90.0949 54 0 0 0.0158449
90.1274 54 0 0 0.0153968
90.1806 54 0 0 0.013908
90.2097 54 0 0 0.0127336
90.241 54 0 0 0.0120099
90.2794 54 0 0 0.00867972
90.3341 54 0 0 0.00797337
90.3786 54 0 0 0.00692149
90.3578 54 0 0 0.00748513
90.3967 54 0 0 0.004976
90.4295 54 0 0 0.00539611
90.4728 54 0 0 0.00609161
90.4911 54 0 0 0.00680529
90.5283 54 0 0 0.00610947
90.608 55 0 0.00682612 0.028151
90.6304 55 0 0.00549097 0.0281122
90.6779 55 0 0.00625904 0.0271972
90.7072 55 0 0.0074096 0.0278172
90.7412 55 0 0.00858471 0.0267733
90.7694 55 0 0.00840683 0.0263476
90.8044 55 0 0.00934258 0.0243681
90.8593 55 0 0.0103369 0.0253587
90.9017 55 0 0.00792549 0.0256366
90.9185 55 0 0.00855386 0.0259053
90.9515 55 0 0.00858655 0.024623
90.9807 55 0 0.00610589 0.023441
91.0687 55 0 0.00682617 0.02287
91.1228 55 0 0.00739053 0.0246228
91.158 55 0 0.008448 0.0215623
91.1917 55 0 0.0103993 0.0203357
91.2065 55 0 0.00944606 0.0174625
91.2596 55 0 0.010896 0.017656
91.3284 55 0 0.0121256 0.0187903
91.3333 55 0 0.0121053 0.0189185
91.3595 55 0 0.0109877 0.0185807
91.3821 55 0 0.0109418 0.0208455
91.4339 55 0 0.0108 0.023031
91.4722 55 0 0.0101561 0.0220478
91.4862 55 0 0.00850256 0.0219572
91.5103 55 0 0.0087311 0.0223974
91.5172 55 0 0.00939509 0.0200463
91.5571 55 0 0.00851874 0.0198918
91.604 55 0 0.00564962 0.0209729
91.6564 55 0 0.00504801 0.01849
91.6935 55 0 0.00336077 0.0199444
91.7258 55 0 0.000596878 0.0201194
91.7677 55 0 0 0.0193341
91.8252 55 0 0 0.0192959
91.8776 55 0 0 0.0174762
91.9286 55 0 0 0.0174703
91.9743 55 0 0 0.018227
92.0216 55 0 0 0.0177447
92.0427 55 0 0 0.0172336
92.094 55 0 0 0.017687
92.1326 55 0 0 0.0176612
92.1871 55 0 0 0.0170484
92.2167 55 0 0 0.0147087
92.2685 55 0 0 0.0139645
92.2976 55 0 0 0.0134429
92.3356 55 0 0 0.0143339
92.3692 55 0 0 0.015352
92.4271 55 0 0 0.0153119
92.4375 55 0 0 0.0156515
92.4816 55 0 0 0.0165639
92.5519 55 0 0 0.0154485
92.5851 55 0 0 0.0158891
92.587 55 0 0 0.0147622
92.6272 55 0 0 0.0137127
92.6633 55 0 0 0.0134579
92.7358 55 0 0 0.0140548
92.7783 55 0 0 0.0133299
92.8118 55 0 0 0.0133473
92.849 55 0 0 0.0126951
92.9037 55 0 0 0.0129141
92.9383 55 0 0 0.0131648
92.9618 55 0 0 0.0135721
92.9831 55 0 0 0.0143644
92.9839 55 0 0 0.0143959
93.0418 55 0 0 0.014935
93.11 55 0 0 0.0155176
93.1292 55 0 0 0.0151826
93.1846 55 0 0 0.0155346
93.1852 55 0 0 0.0156732
93.2395 55 0 0 0.0153027
93.2983 55 0 0 0.015075
93.3495 55 0 0 0.0148646
93.4173 55 0 0 0.0141088
93.4528 55 0 0 0.0145151
93.51 55 0 0 0.0146944
93.5547 55 0 0 0.0145956
93.6059 55 0 0 0.0147927
93.6433 55 0 0 0.0158633
93.6758 55 0 0 0.0164595
93.7196 55 0 0 0.0160842
93.7911 55 0 0 0.0161636
93.8636 55 0 0 0.0161082
93.9067 55 0 0 0.0158313
93.9689 55 0 0 0.0164717
94.016 55 0 0 0.0160847
94.0623 55 0 0 0.0156942
94.1229 55 0 0 0.014817
94.1913 55 0 0 0.0141831
94.2343 55 0 0 0.0142676
94.2708 55 0 0 0.0151662
94.3249 55 0 0 0.0139411
94.3702 55 0 0 0.0130393
94.4175 55 0 0 0.0134122
94.4483 55 0 0 0.0123753
94.4957 55 0 0 0.0111834
94.5233 55 0 0 0.0116318
94.5757 55 0 0 0.0116052
94.6179 55 0 0 0.0104267
94.6514 55 0 0 0.0114678
94.7115 55 0 0 0.01325
94.7514 55 0 0 0.0122004
94.7831 55 0 0 0.0126693
94.8099 55 0 0 0.0130395
94.8327 55 0 0 0.0130073
94.8732 55 0 0 0.013594
94.8794 56 0 0.0128469 0.0275016
94.8938 56 0 0.0130279 0.0276395
94.9376 56 0 0.0124793 0.0269357
94.9831 56 0 0.0121556 0.0266175
95.0264 56 0 0.0126984 0.0256213
95.0603 56 0 0.0122159 0.0272024
95.112 56 0 0.0111957 0.0284337
95.1248 56 0 0.0111883 0.0280248
95.179 56 0 0.0123529 0.028966
95.2041 56 0 0.0127296 0.027552
95.2412 56 0 0.0121139 0.02834
95.2369 56 0 0.0116171 0.0282461
95.2481 56 0 0.0109722 0.0290869
95.269 56 0 0.0101926 0.0285642
95.3181 56 0 0.012675 0.0285792
95.3439 56 0 0.0130016 0.0281584
95.4158 56 0 0.0122133 0.028314
95.4315 56 0 0.0120809 0.0270095
95.4928 56 0 0.0110658 0.0258272
95.5238 56 0 0.0119668 0.025449
95.5495 56 0 0.0101 0.0258999
95.6186 56 0 0.0102422 0.0253521
95.6483 56 0 0.0081 0.023287
95.6922 56 0 0.00875149 0.0256408
95.7584 56 0 0.00958478 0.0233232
95.797 56 0 0.0113223 0.0225347
95.8203 56 0 0.0126316 0.0182414
