0 0 0 0 nan
0.0488 0 0 0 0.0197055
0.101 0 0 0 0.0197442
0.1571 0 0 0 0.0197542
0.2023 0 0 0 0.0197633
0.2623 0 0 0 0.0197633
0.3075 0 0 0 0.0197569
0.347 0 0 0 0.0197531
0.408 0 0 0 0.0197678
0.455 0 0 0 0.01977
0.5029 0 0 0 0.019767
0.5489 0 0 0 0.0197596
0.5967 0 0 0 0.0197566
0.6476 0 0 0 0.0197579
0.6975 0 0 0 0.0197625
0.7304 0 0 0 0.0197605
0.7918 0 0 0 0.0197615
0.8374 0 0 0 0.0197552
0.8943 0 0 0 0.0197568
0.9343 0 0 0 0.0197529
0.9498 0 0 0 0.0197482
0.9923 0 0 0 0.0197546
1.0277 0 0 0 0.0197542
1.0722 0 0 0 0.0197519
1.1053 0 0 0 0.0197462
1.1414 0 0 0 0.0197398
1.1907 0 0 0 0.0197414
1.2281 0 0 0 0.0197428
1.281 0 0 0 0.0197486
1.3193 0 0 0 0.0197485
1.3622 0 0 0 0.019741
1.4229 0 0 0 0.0197433
1.4728 0 0 0 0.0197389
1.5182 0 0 0 0.0197377
1.5652 0 0 0 0.0197338
1.6248 0 0 0 0.0197322
1.6621 0 0 0 0.019729
1.7021 0 0 0 0.0197294
1.7519 0 0 0 0.0197246
1.7963 0 0 0 0.0197151
1.8379 0 0 0 0.0197063
1.8967 0 0 0 0.0197098
1.9435 0 0 0 0.0197069
2.005 0 0 0 0.0196982
2.0457 0 0 0 0.019697
2.0828 0 0 0 0.0196937
2.13 0 0 0 0.0196869
2.168 0 0 0 0.0196793
2.1726 0 0 0 0.0196724
2.1873 0 0 0 0.0196602
2.2399 0 0 0 0.019642
2.2978 0 0 0 0.0196375
2.3353 0 0 0 0.0196354
2.3654 0 0 0 0.0196237
2.3933 0 0 0 0.0196199
2.4339 0 0 0 0.0196224
2.4812 0 0 0 0.0196358
2.535 0 0 0 0.0196205
2.5773 0 0 0 0.0196155
2.631 0 0 0 0.0196176
2.6667 0 0 0 0.0196225
2.7048 0 0 0 0.0196159
2.7579 0 0 0 0.0196275
2.8009 0 0 0 0.0196265
2.8402 0 0 0 0.0196153
2.8673 0 0 0 0.0196091
2.8845 0 0 0 0.0195861
2.903 0 0 0 0.0195936
2.9493 0 0 0 0.0195915
2.9799 0 0 0 0.0195614
3.0264 0 0 0 0.0195773
3.0823 0 0 0 0.0196078
3.1115 0 0 0 0.0196016
3.164 0 0 0 0.0196018
3.1637 0 0 0 0.0195578
3.2158 0 0 0 0.0195685
3.2695 0 0 0 0.0195505
3.2992 0 0 0 0.0195357
3.335 0 0 0 0.0195439
3.3844 0 0 0 0.0195402
3.4231 0 0 0 0.0195383
3.4927 0 0 0 0.0195154
3.5608 0 0 0 0.0195074
3.5866 0 0 0 0.0194535
3.593 0 0 0 0.0194503
3.6369 0 0 0 0.0194271
3.6621 0 0 0 0.0193869
3.6912 0 0 0 0.0193687
3.7218 0 0 0 0.0193681
3.7573 0 0 0 0.0193841
3.8018 0 0 0 0.0194268
3.8296 0 0 0 0.0193919
3.8887 0 0 0 0.0193159
3.9535 0 0 0 0.0193206
3.9978 0 0 0 0.019345
4.0527 0 0 0 0.0193281
4.1201 0 0 0 0.0193113
4.1557 0 0 0 0.0193025
4.2056 0 0 0 0.0192745
4.2346 0 0 0 0.0191729
4.3047 0 0 0 0.0191745
4.3336 0 0 0 0.0192105
4.3352 0 0 0 0.0191373
4.3524 0 0 0 0.0190126
4.4163 0 0 0 0.0189261
4.4233 0 0 0 0.0188654
4.5083 0 0 0 0.0188503
4.5562 0 0 0 0.0189086
4.5927 0 0 0 0.018843
4.631 0 0 0 0.0187857
4.685 0 0 0 0.0188569
4.6954 0 0 0 0.0188727
4.7078 0 0 0 0.0188487
4.7645 0 0 0 0.0186629
4.7835 0 0 0 0.0184996
4.7953 0 0 0 0.018426
4.8627 0 0 0 0.018479
4.9416 0 0 0 0.018439
4.9302 0 0 0 0.018629
4.931 0 0 0 0.0185877
4.9659 0 0 0 0.0184882
5.022 0 0 0 0.0184707
5.0537 0 0 0 0.0182648
5.0885 0 0 0 0.0180566
5.1054 0 0 0 0.0180675
5.1341 0 0 0 0.0182473
5.1666 0 0 0 0.0181763
5.2283 0 0 0 0.0182257
5.2582 0 0 0 0.0181228
5.2951 0 0 0 0.0180554
5.3524 0 0 0 0.01802
5.386 0 0 0 0.0179804
5.4448 0 0 0 0.0179055
5.4494 0 0 0 0.0178924
5.5206 0 0 0 0.0174774
5.488 0 0 0 0.0172547
5.5468 0 0 0 0.0171089
5.6423 0 0 0 0.0176846
5.6558 0 0 0 0.0166233
5.6639 0 0 0 0.0163749
5.6886 0 0 0 0.0161915
5.7024 0 0 0 0.0150614
5.78 0 0 0 0.0155144
5.7997 0 0 0 0.0146039
5.8347 0 0 0 0.013908
5.8314 0 0 0 0.0135336
5.8581 0 0 0 0.0140779
5.886 0 0 0 0.0144215
5.9216 0 0 0 0.0144173
5.9558 0 0 0 0.0147352
5.9862 0 0 0 0.0154598
6.0319 0 0 0 0.0156352
6.0962 0 0 0 0.0155005
6.1119 0 0 0 0.0156942
6.1662 0 0 0 0.014895
6.2427 0 0 0 0.0150343
6.2781 0 0 0 0.0155767
6.3221 0 0 0 0.0157422
6.3598 0 0 0 0.0157091
6.3593 0 0 0 0.013808
6.3786 0 0 0 0.0161817
6.4421 0 0 0 0.015879
6.4943 0 0 0 0.0149197
6.51 0 0 0 0.015348
6.5612 0 0 0 0.0151338
6.6099 0 0 0 0.0154
6.624 0 0 0 0.015249
6.6772 0 0 0 0.0148437
6.6983 0 0 0 0.014949
6.7157 0 0 0 0.0149844
6.7259 0 0 0 0.0147051
6.7761 0 0 0 0.0128191
6.8112 1 0 0.0131973 0.0325925
6.8583 1 0 0.0130233 0.0329582
6.8783 1 0 0.0115496 0.0338361
6.9404 1 0 0.011225 0.034375
6.985 1 0 0.0116 0.0341744
7.0159 1 0 0.01088 0.0336592
7.08 1 0 0.00997732 0.0336719
7.1138 1 0 0.00997732 0.0334079
7.1314 1 0 0.00395062 0.0326525
7.1629 1 0 0 0.0322068
7.2121 1 0 0 0.0319872
7.274 1 0 0 0.0325194
7.3318 1 0 0 0.032824
7.3535 1 0 0 0.0312558
7.4092 1 0 0 0.0312481
7.4419 1 0 0 0.0296863
7.4834 1 0 0 0.0298885
7.5435 1 0 0 0.0301162
7.5881 1 0 0 0.0295694
7.6243 1 0 0 0.030273
7.6777 1 0 0 0.0280736
7.727 1 0 0 0.025734
7.7611 2 0 0.0250273 0.0502667
7.8012 2 0 0.0206509 0.0486317
7.8584 2 0 0.0250058 0.0492346
7.8896 2 0 0.0266118 0.0490935
7.9187 2 0 0.0254671 0.0497706
7.9548 2 0 0.0260015 0.0478466
8.0142 2 0 0.0252082 0.0484821
8.0464 2 0 0.0259271 0.0470959
8.1181 2 0 0.0258789 0.0474132
8.1536 2 0 0.0262457 0.0477184
8.1902 2 0 0.0260923 0.046964
8.2416 2 0 0.0262 0.0464274
8.2789 2 0 0.0259167 0.046619
8.3214 2 0 0.024402 0.0453012
8.3847 2 0 0.019334 0.0437696
8.4136 2 0 0.0192866 0.0429682
8.4591 2 0 0.0178592 0.0442512
8.5166 2 0 0.0147107 0.0414282
8.573 2 0 0.0187259 0.042311
8.6287 2 0 0.0144045 0.0404459
8.6606 2 0 0.0107457 0.0344885
8.7018 2 0 0.012256 0.0359303
8.7799 2 0 0.0123259 0.0375733
8.7997 2 0 0.0142689 0.0406326
8.8655 2 0 0.0155017 0.0386351
8.9007 2 0 0.0182292 0.0375474
8.9542 2 0 0.0251235 0.0359837
8.987 2 0 0.0236686 0.0359963
9.0311 2 0 0.0209862 0.0380469
9.0486 2 0 0.0233747 0.040122
9.0878 2 0 0.0255621 0.0397678
9.0907 2 0 0.0232 0.0378957
9.1243 2 0 0.0248199 0.0385604
9.1513 2 0 0.0245983 0.0406666
9.2261 2 0 0.0161111 0.0408743
9.2636 2 0 0.0177778 0.0395984
9.2987 2 0 0.0182 0.0409951
9.3618 2 0 0.0177778 0.0409445
9.4116 2 0 0.0168 0.0427591
9.4572 2 0 0.0197531 0.0424938
9.5086 2 0 0.0195918 0.041794
9.5341 2 0 0.0195918 0.0419724
9.5763 2 0 0.015 0.0394104
9.6051 2 0 0 0.0383201
9.6497 2 0 0 0.0376324
9.6672 2 0 0 0.0385663
9.7097 2 0 0 0.0377127
9.7545 2 0 0 0.0364346
9.7933 2 0 0 0.0375056
9.8403 3 0 0.0375186 0.0500861
9.9177 3 0 0.037787 0.0491952
9.9076 3 0 0.0384142 0.0500705
9.9247 3 0 0.0388571 0.047859
9.9754 3 0 0.0378009 0.038824
9.992 3 0 0.0405679 0.0368871
10.0458 3 0 0.0412587 0.0332785
10.086 3 0 0.0410531 0.0281571
10.1209 3 0 0.0399357 0.0279668
10.1782 3 0 0.0386318 0.0251058
10.2031 3 0 0.0408626 0.0267712
10.2338 3 0 0.0417857 0.0282205
10.2868 3 0 0.0411303 0.0317717
10.3341 3 0 0.0417729 0.0272609
10.4161 3 0 0.0401606 0.0379417
10.4739 3 0 0.0397084 0.047483
10.5272 3 0 0.0405257 0.0490531
10.5367 3 0 0.0398724 0.0425652
10.5666 3 0 0.0396937 0.0419333
10.6026 3 0 0.0370987 0.042192
10.6704 3 0 0.0370502 0.0412054
10.7142 3 0 0.0362204 0.0397242
10.7386 3 0 0.0364865 0.0392455
10.778 3 0 0.0376247 0.0448446
10.7946 3 0 0.0386938 0.0468279
10.8438 3 0 0.0408845 0.0451093
10.848 3 0 0.0403711 0.0446137
10.8492 3 0 0.034944 0.033293
10.8794 3 0 0.0349048 0.0394898
10.8862 3 0 0.0356427 0.0418793
10.9083 3 0 0.0344475 0.0364783
10.8509 3 0 0.0344922 0.0317223
10.8934 3 0 0.0302185 0.0290385
10.9223 3 0 0.031925 0.0293136
10.9797 3 0 0.0357813 0.0257025
10.9686 3 0 0.0347666 0.0217133
10.9964 3 0 0.0355556 0.0256633
11.0193 3 0 0.034898 0.0171512
11.053 3 0 0.0348347 0.0169792
11.1221 3 0 0.0317312 0.0247704
11.1449 3 0 0.0303601 0.0227087
11.2021 3 0 0.0309551 0.0233242
11.223 3 0 0.0305556 0.0335417
11.2212 3 0 0.0330194 0.0224019
11.266 3 0 0.0305992 0.0163017
11.3032 3 0 0.03195 0.00756757
11.34 3 0 0.0285633 0.011725
11.3535 3 0 0.0266667 0.011725
11.3669 3 0 0.0252 0.00710775
11.37 3 0 0.0220891 0.00720227
11.4356 3 0 0.0166667 0.00922495
11.481 3 0 0.00703125 0.00597551
11.4986 3 0 0 0.00622837
11.5546 3 0 0 0.00710059
11.6114 3 0 0 0.00751933
11.6696 3 0 0 0.00770546
11.719 3 0 0 0.00670611
11.7589 3 0 0 0.00415225
11.8078 3 0 0 0.00568163
11.8435 3 0 0 0.00707031
11.8357 3 0 0 0.00856124
11.8489 3 0 0 0.0112742
11.8903 3 0 0 0.0123102
11.9694 3 0 0 0.0116016
12.0066 3 0 0 0.0111556
12.0831 4 0 0.0105104 0.0642505
12.0982 4 0 0.00988166 0.0627147
12.1239 4 0 0.00752066 0.0570326
12.1548 4 0 0.010496 0.0528925
12.2044 4 0 0.009152 0.0559525
12.2228 4 0 0.00979592 0.0510503
12.2743 4 0 0.00982222 0.0463628
12.3228 4 0 0.00982222 0.0452713
12.3603 4 0 0.009856 0.0435604
12.3612 4 0 0.00975069 0.0448069
12.424 4 0 0.0099654 0.0478044
12.4761 4 0 0.00966942 0.045796
12.5389 4 0 0.00994083 0.0481376
12.5773 4 0 0.00991736 0.0522235
12.6446 4 0 0.00864266 0.0517975
12.73 4 0 0.0083045 0.052426
12.7606 4 0 0.00793388 0.0487929
12.7666 4 0 0.0096 0.0502374
12.7839 4 0 0.00555556 0.0448257
12.8025 4 0 0 0.0308148
12.8195 4 0 0 0.0265129
12.8726 4 0 0 0.0266222
12.9128 4 0 0 0.0287125
13.0053 4 0 0 0.034472
13.0508 4 0 0 0.0345779
13.1199 4 0 0 0.0397353
13.1741 4 0 0 0.0319945
13.2212 5 0 0.0299489 0.0769791
13.2223 5 0 0.0160942 0.0747307
13.2654 5 0 0.0139102 0.0697538
13.2985 5 0 0.013904 0.0680836
13.3548 5 0 0.0152219 0.065842
13.4058 5 0 0.0154314 0.0525154
13.4498 5 0 0.0159529 0.0496548
13.5021 5 0 0.0149208 0.0462569
13.5772 5 0 0.014325 0.0537291
13.6331 5 0 0.012958 0.0454059
13.6948 5 0 0.0113841 0.0449844
13.7342 5 0 0.0120447 0.0469651
13.7792 5 0 0.0122711 0.042125
13.8068 5 0 0.0119008 0.0401562
13.8254 5 0 0.0119835 0.0427892
13.8445 5 0 0.0119025 0.044041
13.9225 5 0 0.0121684 0.0356361
13.9507 5 0 0.0122684 0.0323702
14.0207 5 0 0.0120037 0.0332049
14.0994 5 0 0.0118066 0.0338089
14.1623 5 0 0.0123375 0.0341522
14.2237 5 0 0.0129222 0.0382353
14.2919 5 0 0.0130255 0.0365417
14.3401 5 0 0.0128469 0.0359516
14.3379 5 0 0.0130453 0.0364286
14.4018 5 0 0.0127673 0.0384296
14.401 5 0 0.0116263 0.0378086
14.4497 5 0 0.0121947 0.0377646
14.4947 5 0 0.0119008 0.0380889
14.4974 5 0 0.0122959 0.0318835
14.5274 5 0 0.0127456 0.0322314
14.618 5 0 0.0126276 0.0314286
14.6363 5 0 0.0129032 0.0257025
14.6832 5 0 0.0122373 0.0298413
14.6856 5 0 0.0126953 0.0336735
14.7194 5 0 0.0121947 0.0296528
14.7124 5 0 0.0115741 0.0341777
14.7944 5 0 0.0116129 0.0375858
14.8263 5 0 0.00819945 0.0359924
14.8934 5 0 0.0096 0.0343253
14.9586 5 0 0.00991736 0.035625
14.9991 5 0 0.00888889 0.0366667
15.0223 5 0 0.0064 0.0383471
15.0312 5 0 0 0.0340496
15.0738 5 0 0 0.0294215
15.1057 5 0 0 0.0345706
15.1518 5 0 0 0.0323875
15.1698 5 0 0 0.024142
15.2527 5 0 0 0.0156213
15.2899 5 0 0 0
15.3213 5 0 0 0
15.3476 5 0 0 0
15.4119 6 0 0 0.0429301
15.4568 6 0 0 0.035338
15.4827 6 0 0 0.0201563
15.5514 6 0 0 0.017867
15.6116 6 0 0 0.00475624
15.6346 6 0 0 0.004224
15.6882 7 0 0.00555556 0.0804804
15.725 7 0 0.0066482 0.0810814
15.7807 7 0 0.0075 0.0735469
15.8181 7 0 0.00802469 0.078483
15.8676 7 0 0.0075 0.08232
15.9115 7 0 0.0064 0.0838895
15.9452 7 0 0 0.0845023
15.9821 7 0 0 0.0835037
16.0435 8 0 0.082929 0.115194
16.0837 8 0 0.0826467 0.114303
16.1328 8 0 0.0810416 0.113005
16.1565 8 0 0.0812359 0.113276
16.1855 8 0 0.082935 0.114792
16.2393 8 0 0.0810934 0.11366
16.2971 8 0 0.084094 0.113279
16.3528 8 0 0.0853249 0.113366
16.4054 8 0 0.084327 0.112302
16.4391 8 0 0.0841762 0.113271
16.495 8 0 0.0839474 0.115822
16.5415 8 0 0.0843853 0.115032
16.5571 8 0 0.0843274 0.113715
16.6455 8 0 0.0818741 0.109436
16.677 8 0 0.081511 0.113031
16.7091 8 0 0.0756909 0.113656
16.7677 8 0 0.0751823 0.112773
16.7784 8 0 0.0786748 0.114048
16.787 8 0 0.0810744 0.111099
16.8099 8 0 0.0814339 0.112173
16.8707 8 0 0.0799592 0.110872
16.956 8 0 0.0779844 0.110004
16.9977 8 0 0.0750617 0.111341
17.011 8 0 0.0735868 0.112901
17.042 8 0 0.0729475 0.112573
17.0891 8 0 0.054127 0.11191
17.1702 8 0 0.0507937 0.107429
17.1862 8 0 0.048825 0.10604
17.1576 8 0 0.0381612 0.103947
17.2349 8 0 0.0332937 0.102187
17.2564 8 0 0.0290657 0.102665
17.3109 8 0 0.0150857 0.105791
17.3462 8 0 0.0357 0.102506
17.3725 8 0 0.041236 0.104399
17.4069 8 0 0.0198817 0.105534
17.4305 8 0 0.0069954 0.104504
17.4897 8 0 0 0.102072
17.5423 8 0 0 0.100413
17.6111 8 0 0 0.100139
17.6439 8 0 0 0.098493
17.7061 8 0 0 0.0921386
17.7206 8 0 0 0.0877663
17.7691 8 0 0 0.0923872
17.8312 8 0 0 0.0982166
17.875 8 0 0 0.099637
17.8742 8 0 0 0.103465
17.9286 8 0 0 0.102879
17.9814 8 0 0 0.109117
18.0173 8 0 0 0.10632
18.0536 8 0 0 0.107677
18.0999 8 0 0 0.107624
18.1475 8 0 0 0.105269
18.1756 8 0 0 0.109329
18.2186 8 0 0 0.10465
18.2294 8 0 0 0.10073
18.2886 8 0 0 0.0968924
18.347 8 0 0 0.095229
18.3824 8 0 0 0.0933365
18.4165 8 0 0 0.0947921
18.4539 8 0 0 0.091712
18.4899 8 0 0 0.0917618
18.4924 8 0 0 0.0884462
18.5273 8 0 0 0.0888728
18.6182 8 0 0 0.0888004
18.6249 8 0 0 0.0753628
18.6699 8 0 0 0.0629387
18.6738 8 0 0 0.0502249
18.7262 8 0 0 0.0447368
18.7662 8 0 0 0.0624228
18.8066 8 0 0 0.068795
18.8682 8 0 0 0.0697333
18.8831 8 0 0 0.0833111
18.9176 8 0 0 0.0803306
18.9712 8 0 0 0.082344
19.0232 8 0 0 0.080832
19.0615 8 0 0 0.0690249
19.0776 8 0 0 0.065625
19.1658 8 0 0 0.0525952
19.1739 8 0 0 0.0279111
19.2007 8 0 0 0.00888889
19.2286 8 0 0 0.0099723
19.2388 8 0 0 0.0127
19.2785 8 0 0 0.0102479
19.2968 8 0 0 0.00987654
19.3644 8 0 0 0.00555556
19.3975 8 0 0 0.00489796
19.4344 8 0 0 0.0064
19.4734 8 0 0 0.00852071
19.5003 8 0 0 0.011875
19.5928 8 0 0 0.010625
19.6664 8 0 0 0.014
19.7088 8 0 0 0.0128
19.778 9 0 0.0075 0.0932698
19.8077 9 0 0 0.0977957
19.8422 10 0 0.0921947 0.120429
19.9092 10 0 0.0846112 0.121245
19.9103 10 0 0.0693717 0.122001
19.9793 10 0 0.0715264 0.117119
20.014 10 0 0.0694149 0.117596
20.0684 10 0 0.0658346 0.117781
20.1192 10 0 0.0648477 0.10834
20.1589 10 0 0.0591554 0.109156
20.2172 10 0 0.0549483 0.109372
20.2598 10 0 0.0455969 0.0951752
20.3277 10 0 0.037677 0.0919698
20.3883 10 0 0.0323406 0.090356
20.4136 10 0 0.0392012 0.0899199
20.4208 10 0 0.0383432 0.075814
20.4454 10 0 0.0430383 0.0743864
20.4938 10 0 0.0446639 0.0724992
20.5401 10 0 0.0446799 0.0706747
20.5788 10 0 0.0429162 0.068404
20.6162 10 0 0.0410633 0.0691358
20.6199 10 0 0.0445717 0.0751636
20.6665 10 0 0.0447889 0.0824523
20.7129 10 0 0.0441373 0.0842325
20.7434 10 0 0.0446694 0.0894181
20.7712 10 0 0.0445862 0.0798621
20.8263 10 0 0.0442508 0.0807877
20.8553 10 0 0.044898 0.0774827
20.8934 10 0 0.0448837 0.0725
20.9503 10 0 0.0413265 0.0723426
21.0131 10 0 0.0422926 0.0674359
21.0362 10 0 0.0446875 0.0652045
21.105 10 0 0.0440816 0.069127
21.1726 10 0 0.0419753 0.0682064
21.2318 10 0 0.0323875 0.0681302
21.2656 10 0 0.0166944 0.0626333
21.3293 10 0 0.0243496 0.0606728
21.3942 10 0 0.014876 0.0631689
21.4556 10 0 0.0296875 0.0617452
21.5027 10 0 0.0408318 0.0613272
21.5259 10 0 0.034903 0.0626687
21.5326 10 0 0.0367347 0.062128
21.529 10 0 0.0166944 0.0627085
21.5347 10 0 0.0066568 0.0623068
21.5655 10 0 0.0183728 0.0611777
21.6103 10 0 0 0.0593306
21.6366 10 0 0 0.0470635
21.6702 10 0 0 0.0456818
21.7119 10 0 0 0.0355923
21.7061 10 0 0 0.035625
21.7592 10 0 0 0.0240997
21.7879 10 0 0 0.0250099
21.8584 10 0 0 0.0261246
21.8967 10 0 0 0.0266016
21.9578 10 0 0 0.0374691
21.9569 10 0 0 0.0379545
21.9705 10 0 0 0.0354551
22.0355 10 0 0 0.0315414
22.0612 10 0 0 0.0273347
22.1 10 0 0 0.0337755
22.1385 10 0 0 0.0338135
22.1649 10 0 0 0.0273333
22.1879 10 0 0 0.0189056
22.2272 10 0 0 0.0157218
22.2939 10 0 0 0.0156504
22.3125 10 0 0 0.0154974
22.3442 10 0 0 0.01512
22.4489 10 0 0 0.0151566
22.5118 10 0 0 0.0148444
22.5407 10 0 0 0.0148438
22.5924 10 0 0 0.0147619
22.627 10 0 0 0.0151479
22.6633 10 0 0 0.0139259
22.719 10 0 0 0.0115789
22.7558 10 0 0 0.0113215
22.7764 11 0 0.0103704 0.0366389
22.7912 11 0 0.0107491 0.0441083
22.8214 11 0 0.0144307 0.0412122
22.8672 11 0 0.0137278 0.0426986
22.8795 11 0 0.013698 0.038532
22.9223 11 0 0.0108163 0.0406931
22.9842 11 0 0.00979786 0.0382903
23.011 11 0 0.00902344 0.0370068
23.0534 11 0 0.0082 0.0426596
23.1057 11 0 0.0105898 0.0516776
23.1481 11 0 0.0111806 0.0491463
23.2437 11 0 0.00909722 0.0449284
23.2989 11 0 0.00966942 0.0409268
23.3723 11 0 0.0120118 0.0395815
23.4079 11 0 0.0120139 0.0419712
23.4103 11 0 0.0124306 0.0365538
23.4692 11 0 0.0117202 0.0334641
23.4854 11 0 0.0124691 0.0308238
23.5265 11 0 0.0117751 0.0313625
23.5449 11 0 0.010068 0.0287431
23.5697 11 0 0.009856 0.0284333
23.6227 11 0 0.01 0.0286505
23.6556 11 0 0.00994083 0.0229321
23.7091 11 0 0.00856124 0.0246354
23.7507 11 0 0.0092562 0.0226347
23.7824 11 0 0.00673469 0.0252341
23.8263 11 0 0 0.0242367
23.9237 11 0 0 0.0240741
23.9474 11 0 0 0.0251235
23.9808 11 0 0 0.0258433
24.0176 11 0 0 0.024576
24.0638 11 0 0 0.0241289
24.0744 11 0 0 0.0229819
24.1179 11 0 0 0.0176
24.1859 11 0 0 0.0140248
24.2294 11 0 0 0.015488
24.2552 11 0 0 0.0129687
24.2862 11 0 0 0.0163194
24.3348 11 0 0 0.0171901
24.3916 11 0 0 0.0128125
24.4451 11 0 0 0.0083045
24.4608 11 0 0 0
24.5022 11 0 0 0
24.5267 11 0 0 0
24.6382 11 0 0 0
24.6767 11 0 0 0
24.7394 11 0 0 0
24.769 11 0 0 0.00446367
24.7833 11 0 0 0.00398892
24.7987 11 0 0 0.00216049
24.8155 11 0 0 0.00222041
24.87 11 0 0 0.00497778
24.8778 11 0 0 0.00767768
24.893 11 0 0 0.0104
24.9296 11 0 0 0.0128
24.9263 11 0 0 0.0156444
24.9511 11 0 0 0.0136106
25.0048 11 0 0 0.015
25.0608 11 0 0 0.0105469
25.0787 11 0 0 0.012426
25.1287 11 0 0 0.00799383
25.162 11 0 0 0.00785975
25.1546 11 0 0 0.0111134
25.2057 11 0 0 0.0120845
25.1958 11 0 0 0.0154321
25.217 11 0 0 0.0193573
25.2587 11 0 0 0.00419753
25.3026 12 0 0.00611111 0.0245675
25.3348 12 0 0.00398892 0.0198594
25.3506 12 0 0.00611111 0.0204237
25.362 12 0 0.0177778 0.017883
25.4123 12 0 0 0.0218576
25.4246 12 0 0 0.0267282
25.4671 13 0 0.0226077 0.0460239
25.4956 13 0 0.0192628 0.0443347
25.5249 13 0 0.0195565 0.0403306
25.5665 13 0 0.0196122 0.0391358
25.5948 13 0 0.0243158 0.0427682
25.6086 13 0 0.0259845 0.0392
25.6625 13 0 0.0268707 0.0384
25.6697 13 0 0.0254687 0.04
25.7149 13 0 0.0234903 0.04
25.763 13 0 0.020618 0.0326531
25.7969 13 0 0.0219651 0.0192
25.831 13 0 0.0207848 0.0192
25.9108 13 0 0.0215632 0
25.9406 13 0 0.0206818 0.0352
26.003 13 0 0.0220062 0.02
26.0517 13 0 0.0225952 0.0133333
26.1083 13 0 0.0242293 0.0176
26.1444 13 0 0.0274383 0.0195918
26.192 13 0 0.027824 0.0244628
26.2271 13 0 0.0231009 0.02375
26.2577 13 0 0.0170522 0.0355556
26.2905 13 0 0.0153472 0
26.3253 13 0 0.0238227 0.0224
26.4069 13 0 0.020625 0.01875
26.4466 13 0 0.00918367 0.02
26.5359 13 0 0.00691358 0.02
26.5985 13 0 0.0092562 0.0222222
26.6317 13 0 0.00888889 0.02
26.6703 13 0 0.0064 0.02
26.7345 13 0 0.00888889 0
26.7782 13 0 0 nan
26.8406 13 0 0 nan
26.8641 13 0 0 nan
26.9291 13 0 0 nan
26.9911 13 0 0 nan
27.0154 13 0 0 nan
27.0676 13 0 0 nan
27.1096 13 0 0 nan
27.1201 13 0 0 nan
27.1627 13 0 0 nan
27.2291 13 0 0 0
27.2817 13 0 0 0
27.3399 13 0 0 0
27.3888 13 0 0 0.0064
27.4532 13 0 0 0
27.5216 13 0 0 0.00284024
27.5619 13 0 0 0
27.5766 13 0 0 0.004375
27.6109 13 0 0 0.004375
27.6579 13 0 0 0.009375
27.6992 13 0 0 0.01
27.7346 13 0 0 0.00888889
27.7592 13 0 0 0.0075
27.777 13 0 0 0
27.8408 13 0 0 nan
27.8589 13 0 0 nan
27.9034 15 0 0.0228571 nan
27.9171 15 0 0.0195918 nan
27.9315 15 0 0.0177778 0
27.9852 15 0 0.0177778 0
28.0273 15 0 0.02 0
28.073 15 0 0.0177778 0
28.1181 15 0 0 0
28.1839 15 0 0 0
28.2253 15 0 0 0
28.268 15 0 0 0
28.2613 15 0 0 0
28.2878 15 0 0 0.0266667
28.3695 15 0 0 0.0266667
28.3958 15 0 0 0
28.3993 15 0 0 0
28.4525 15 0 0 nan
28.4908 15 0 0 nan
28.4901 17 0 0 0.0836859
28.5001 17 0 0 0.0852423
28.5576 17 0 0 0.0823318
28.5904 17 0 0 0.0782338
28.6556 17 0 0 0.0740222
28.6808 17 0 0 0.065412
28.7295 17 0 0 0.0508864
28.7612 17 0 0 0.0358568
28.8056 17 0 0 0.0307198
28.8156 17 0 0 0.0301369
28.884 17 0 0 0.0303028
28.927 18 0 0.0291439 0.121404
28.9663 18 0 0.0282759 0.1237
29.0282 18 0 0.0284694 0.129853
29.0872 18 0 0.0268735 0.130473
29.0932 18 0 0.0269215 0.124582
29.1249 18 0 0.0265374 0.115111
29.1501 18 0 0.0262891 0.113372
29.1626 18 0 0.0239781 0.101769
29.1923 18 0 0.0252401 0.100061
29.2365 18 0 0.0227664 0.0862569
29.262 18 0 0.0262963 0.0674704
29.2888 18 0 0.0256333 0.0909313
29.3433 18 0 0.0249307 0.0896814
29.3835 18 0 0.0239456 0.0607499
29.4608 18 0 0.0208696 0.0638643
29.494 18 0 0.0208696 0.0823629
29.5234 18 0 0.020831 0.101172
29.5902 18 0 0.0202076 0.0820406
29.6245 18 0 0.0224 0.0577893
29.6892 18 0 0.0177778 0.0641107
29.7277 18 0 0.00661157 0.0501812
29.7887 18 0 0.0104142 0.0688735
29.8371 18 0 0.0104142 0.0668983
29.8515 18 0 0.015 0.0745222
29.8802 18 0 0.0177778 0.0970999
29.8994 18 0 0.0128 0.0997284
29.9348 18 0 0.0128 0.0810004
29.9811 18 0 0.0192 0.0791486
30.0636 18 0 0.0128 0.0704821
30.0853 18 0 0 0.0728346
30.1428 18 0 0 0.0655658
30.1666 18 0 0 0.070563
30.199 18 0 0 0.0919901
30.2696 18 0 0 0.0808108
30.3128 18 0 0 0.0768182
30.3697 18 0 0 0.0868809
30.3898 18 0 0 0.102608
30.4497 18 0 0 0.100322
30.4867 18 0 0 0.123126
30.5102 18 0 0 0.123688
30.5606 18 0 0 0.125441
30.6128 18 0 0 0.125727
30.6577 18 0 0 0.140113
30.693 18 0 0 0.1301
30.7395 18 0 0 0.144063
30.784 18 0 0 0.1514
30.8093 18 0 0 0.1272
30.8524 18 0 0 0.0781065
30.8789 18 0 0 0.0984542
30.9615 19 0 0.130165 0.104367
31.0187 19 0 0.0495868 0.0929147
31.0563 19 0 0.096 0.0896257
31.0868 19 0 0.0426036 0.093146
31.1314 19 0 0.126 0.0734962
31.1735 19 0 0.140625 0.0664716
31.2046 19 0 0.133333 0.0739267
31.2518 19 0 0.0458333 0.0992922
31.3397 19 0 0 0.13787
31.4047 19 0 0 0.136864
31.4642 19 0 0 0.117387
31.5087 19 0 0 0.116343
31.5513 19 0 0 0.115907
31.5929 19 0 0 0.121038
31.6486 19 0 0 0.129627
31.6852 19 0 0 0.117528
31.7286 19 0 0 0.126989
31.767 19 0 0 0.139206
31.8218 19 0 0 0.148947
31.8574 19 0 0 0.145633
31.8968 19 0 0 0.151588
31.9489 19 0 0 0.147071
31.9964 19 0 0 0.13626
32.0512 20 0 0.149428 0.175787
32.0833 20 0 0.151735 0.170058
32.1326 20 0 0.153681 0.174121
32.1613 20 0 0.154556 0.164916
32.2074 20 0 0.150912 0.158997
32.2339 20 0 0.150113 0.169325
32.2993 20 0 0.147937 0.162815
32.3249 20 0 0.140313 0.163904
32.3735 20 0 0.137856 0.176786
32.4126 20 0 0.107474 0.168885
32.4704 20 0 0.1125 0.139111
32.5266 20 0 0.103704 0.13346
32.5904 20 0 0 0.134231
32.6218 20 0 0 0.129969
32.6697 20 0 0 0.115533
32.7354 20 0 0 0.0989404
32.7827 20 0 0 0.0817198
32.8431 20 0 0 0.0564327
32.8745 20 0 0 0.0635767
32.8933 20 0 0 0.0492819
32.9479 20 0 0 0.0651376
33.0008 20 0 0 0.0863467
33.0347 20 0 0 0.0854115
33.0795 20 0 0 0.0793255
33.1331 20 0 0 0.107252
33.1699 20 0 0 0.101086
33.1971 20 0 0 0.118601
33.2377 20 0 0 0.134948
33.3054 20 0 0 0.137931
33.3411 20 0 0 0.115393
33.3574 20 0 0 0.11842
33.3918 20 0 0 0.128605
33.4515 20 0 0 0.137268
33.4872 20 0 0 0.156723
33.5265 20 0 0 0.164105
33.5879 20 0 0 0.165865
33.6284 20 0 0 0.154341
33.6734 20 0 0 0.140096
33.7125 20 0 0 0.144563
33.7643 20 0 0 0.130519
33.8267 20 0 0 0.102553
33.8564 20 0 0 0.0981888
33.8809 20 0 0 0.0895508
33.9256 20 0 0 0.066955
33.9892 20 0 0 0.0518878
34.0448 20 0 0 0.0524
34.0972 20 0 0 0.051142
34.1462 20 0 0 0.0498469
34.2 20 0 0 0.0437673
34.2464 20 0 0 0.038
34.3022 20 0 0 0.0440076
34.333 20 0 0 0.0413889
34.3927 20 0 0 0.0241522
34.4496 20 0 0 0.0169143
34.5518 20 0 0 0.0192742
34.5862 21 0 0.0205165 0.211479
34.6139 21 0 0.0133045 0.217637
34.6531 21 0 0.0183025 0.21434
34.6907 21 0 0.009856 0.208956
34.727 21 0 0.00864266 0.181101
34.7948 21 0 0.00872449 0.207186
34.8565 21 0 0.0075 0.218791
34.868 21 0 0.00984375 0.218694
34.9306 21 0 0.00946746 0.217988
34.9682 21 0 0.00888889 0.217037
34.994 21 0 0.00710059 0.218006
35.0342 21 0 0.00918367 0.218774
35.0971 21 0 0.00888889 0.21781
35.1426 21 0 0.00673469 0.214916
35.1648 21 0 0.0036 0.211778
35.2236 21 0 0.004375 0.216662
35.2675 21 0 0.00555556 0.216054
35.3193 21 0 0.004375 0.212742
35.3394 21 0 0 0.210256
35.386 21 0 0 0.206047
35.4049 22 0 0.208963 0.236108
35.5065 22 0 0.17486 0.23381
35.5509 22 0 0.165944 0.231024
35.5945 22 0 0.168236 0.220839
35.6057 22 0 0.175808 0.233055
35.6109 22 0 0.175422 0.226434
35.6434 22 0 0.177547 0.223222
35.6645 22 0 0.147914 0.22331
35.7233 22 0 0.151742 0.231142
35.7217 22 0 0.136975 0.199295
35.8017 22 0 0.143511 0.19814
35.8238 22 0 0.1275 0.19378
35.8567 22 0 0.1275 0.179873
35.9132 22 0 0.169412 0.199202
35.9854 22 0 0.161605 0.193448
36.0404 22 0 0.154253 0.191011
36.1045 22 0 0.165976 0.189584
36.1487 22 0 0.169679 0.18653
36.1943 22 0 0.168595 0.187085
36.2249 22 0 0.12071 0.179081
36.2653 22 0 0.1088 0.163678
36.3081 22 0 0 0.172704
36.3669 22 0 0 0.177369
36.3705 22 0 0 0.17921
36.4078 22 0 0 0.172993
36.4131 22 0 0 0.17572
36.4579 22 0 0 0.169941
36.4893 22 0 0 0.168448
36.5326 22 0 0 0.170402
36.582 22 0 0 0.174957
36.6346 22 0 0 0.175
36.671 22 0 0 0.174946
36.7303 23 0 0.168583 0.246196
36.7522 23 0 0.140432 0.238324
36.7864 23 0 0.114135 0.237056
36.8287 23 0 0.157714 0.236679
36.841 23 0 0.166077 0.231094
36.8956 23 0 0.171062 0.221801
36.8951 23 0 0.170858 0.210787
36.9208 23 0 0.174857 0.195345
36.9969 23 0 0.174818 0.197451
37.0438 23 0 0.175 0.198613
37.1265 23 0 0.162881 0.204585
37.1938 23 0 0.164062 0.194935
37.2028 23 0 0.17284 0.176837
37.2511 23 0 0.155556 0.164746
37.3017 23 0 0 0.177014
37.3455 24 0 0.190126 0.243482
37.365 24 0 0.179494 0.244771
37.4122 24 0 0.172871 0.241642
37.4628 24 0 0.169026 0.231528
37.5128 24 0 0.126466 0.238902
37.529 24 0 0.0892834 0.229316
37.5434 24 0 0.0646276 0.219979
37.6084 24 0 0.0827786 0.212768
37.6327 24 0 0.0992893 0.211475
37.6596 24 0 0.0879751 0.187107
37.7016 24 0 0.123164 0.185983
37.7311 24 0 0.130389 0.186326
37.7152 24 0 0.113063 0.1702
37.7803 24 0 0.111839 0.179973
37.8432 24 0 0.126443 0.17828
37.8754 24 0 0.110952 0.183637
37.8937 24 0 0.121178 0.178143
37.9272 24 0 0.107521 0.160145
37.9322 24 0 0.108316 0.147457
37.9766 24 0 0.0920197 0.154382
38.0618 24 0 0.0998393 0.17045
38.0894 24 0 0.0931875 0.170203
38.1528 24 0 0.0722612 0.158406
38.2047 24 0 0.0709781 0.136352
38.2291 24 0 0.118345 0.143521
38.2457 24 0 0.132266 0.114064
38.3251 24 0 0.122982 0.129516
38.3783 24 0 0.0952099 0.124728
38.4022 24 0 0.0882653 0.141303
38.4346 24 0 0.0645102 0.0926701
38.503 24 0 0.0800826 0.0760397
38.5369 24 0 0.065051 0.0731068
38.5717 24 0 0.071808 0.0555
38.616 24 0 0.0858162 0.0457586
38.5953 24 0 0.0205859 0.0828204
38.6423 24 0 0 0.0834536
38.6692 24 0 0 0.0771484
38.7281 24 0 0 0.0708941
38.7673 24 0 0 0.0611575
38.7962 24 0 0 0.0710217
38.8093 24 0 0 0.0469858
38.8641 24 0 0 0.0426732
38.891 24 0 0 0.0564389
38.9337 24 0 0 0.054399
38.9562 24 0 0 0.058932
38.9752 24 0 0 0.0613209
39.0071 24 0 0 0.0559535
39.0372 24 0 0 0.0554699
39.0899 24 0 0 0.0555278
39.159 24 0 0 0.0423384
39.2038 24 0 0 0.033798
39.2777 24 0 0 0.0285114
39.2926 24 0 0 0.0218595
39.3578 24 0 0 0.0231525
39.4299 24 0 0 0.0242171
39.4608 24 0 0 0.0124008
39.5284 24 0 0 0.0118033
39.5395 24 0 0 0.0119067
39.6033 25 0 0.0120198 0.0708738
39.6553 25 0 0.0104278 0.0564938
39.6986 25 0 0.00780165 0.0517554
39.7511 25 0 0.00637337 0.0446438
39.7923 25 0 0.004912 0.0466557
39.8399 25 0 0.00387506 0.0500918
39.8812 25 0 0.00142661 0.0471948
39.8806 25 0 0 0.0324433
39.9259 25 0 0 0.0328685
39.9816 25 0 0 0.0327444
40.0127 25 0 0 0.0311372
40.0597 25 0 0 0.0281158
40.1144 25 0 0 0.0283878
40.1497 25 0 0 0.0281299
40.2153 25 0 0 0.027416
40.2386 25 0 0 0.0267592
40.2756 25 0 0 0.0276247
40.3091 25 0 0 0.0279677
40.3667 25 0 0 0.0292181
40.4313 25 0 0 0.0294485
40.4723 25 0 0 0.0290469
40.5243 25 0 0 0.0286134
40.5492 25 0 0 0.0283471
40.5558 25 0 0 0.0267534
40.5957 25 0 0 0.0257292
40.6262 25 0 0 0.0257639
40.6484 25 0 0 0.0258985
40.6742 25 0 0 0.0240926
40.6592 25 0 0 0.0224133
40.6602 25 0 0 0.0195752
40.707 25 0 0 0.0209263
40.7206 25 0 0 0.0218388
40.7833 25 0 0 0.0197164
40.7806 25 0 0 0.021758
40.8395 25 0 0 0.0213495
40.8831 25 0 0 0.0201389
40.9376 25 0 0 0.00942222
40.9657 25 0 0 0.0128
41.0139 26 0 0.00875 0.039667
41.0749 26 0 0.0038 0.0404623
41.0876 26 0 0.00332703 0.0382948
41.1073 26 0 0.00753463 0.0354302
41.1239 26 0 0 0.0349668
41.1519 26 0 0 0.0349474
41.1955 26 0 0 0.0347277
41.2423 26 0 0 0.0349176
41.2955 26 0 0 0.0363147
41.2926 26 0 0 0.0358692
41.3347 26 0 0 0.0345557
41.3595 26 0 0 0.0335041
41.3987 26 0 0 0.0331023
41.4408 26 0 0 0.0331896
41.4516 26 0 0 0.033262
41.5039 26 0 0 0.0330874
41.5604 26 0 0 0.0331137
41.5811 26 0 0 0.0316942
41.6284 26 0 0 0.0322737
41.6418 26 0 0 0.0322598
41.6642 26 0 0 0.0283531
41.7335 26 0 0 0.0262113
41.7456 26 0 0 0.0253476
41.7865 26 0 0 0.0262436
41.8033 26 0 0 0.0242221
41.8516 26 0 0 0.0222135
41.8887 26 0 0 0.0223812
41.9255 26 0 0 0.0233207
41.972 26 0 0 0.0226691
42.0376 26 0 0 0.0236496
42.0868 26 0 0 0.0243878
42.1377 26 0 0 0.0249626
42.1876 27 0 0.0233992 0.0350416
42.2298 27 0 0.022757 0.0378588
42.2692 27 0 0.0231569 0.0366995
42.2716 27 0 0.0226923 0.0323363
42.2804 27 0 0.0211111 0.0333169
42.3261 27 0 0.0223812 0.0333347
42.3852 27 0 0.0226501 0.0323306
42.4246 27 0 0.0207743 0.0325433
42.5034 27 0 0.022302 0.0329152
42.5176 27 0 0.0207483 0.0312491
42.5673 27 0 0.0214602 0.0313271
42.5998 27 0 0.0213879 0.0301512
42.6567 27 0 0.0206075 0.0313657
42.7465 27 0 0.0180238 0.032872
42.7738 27 0 0.0203175 0.0336214
42.8335 27 0 0.0196372 0.0377546
42.8541 27 0 0.0201953 0.0397917
42.8937 27 0 0.0201531 0.0405498
42.9332 27 0 0.0164828 0.0387335
42.9735 27 0 0.01875 0.0374753
43.0174 27 0 0.0198817 0.0334014
43.0726 27 0 0.0199881 0.0321185
43.1169 27 0 0.0199219 0.0315235
43.151 27 0 0.02 0.030416
43.1715 27 0 0.0190816 0.0287278
43.1821 27 0 0.0177778 0.0256944
43.2256 27 0 0.015 0.0238966
43.2991 27 0 0.0128 0.0270408
43.3388 27 0 0.0163265 0.0227168
43.3635 27 0 0.0128 0.0229486
43.4294 27 0 0.0185124 0.0230071
43.5021 27 0 0.02 0.0245675
43.5523 27 0 0.0177778 0.0310107
43.5951 27 0 0 0.0182987
43.6414 27 0 0 0.0272664
43.6932 27 0 0 0.0354325
43.7442 27 0 0 0.035625
43.7826 27 0 0 0.0254321
43.8393 27 0 0 0.0221528
43.8847 27 0 0 0.0226757
43.8948 27 0 0 0.023125
43.9417 27 0 0 0.023104
43.9837 27 0 0 0.022336
44.0511 27 0 0 0.0205785
44.0992 27 0 0 0.0211111
44.1463 27 0 0 0.0203556
44.1999 27 0 0 0.0164412
44.2078 27 0 0 0.0174359
44.2283 27 0 0 0.0145125
44.259 27 0 0 0.0135553
44.3094 27 0 0 0.0102735
44.3141 27 0 0 0.00798186
44.3633 27 0 0 0.00670118
44.3907 27 0 0 0.00756352
44.4099 27 0 0 0.00930057
44.4158 27 0 0 0.00341759
44.4632 27 0 0 0.0035371
44.4856 27 0 0 0.002596
44.5142 27 0 0 0.000951814
44.5197 27 0 0 0.000929705
44.5425 27 0 0 0.00145247
44.5585 27 0 0 0
44.6058 27 0 0 0.00166591
44.6444 27 0 0 0.00394768
44.6586 27 0 0 0.00370447
44.6836 27 0 0 0.00441084
44.7264 27 0 0 0.00312637
44.7649 27 0 0 0.00459137
44.8159 27 0 0 0.00806248
44.8281 27 0 0 0.0109818
44.8633 27 0 0 0.015392
44.9056 27 0 0 0.0144097
44.9591 27 0 0 0.0178426
45.0057 27 0 0 0.0161563
45.0776 27 0 0 0.0177734
45.1179 27 0 0 0.0192395
45.1609 27 0 0 0.0181758
45.193 27 0 0 0.0171556
45.2395 27 0 0 0.0195616
45.248 27 0 0 0.0172066
45.3107 27 0 0 0.019453
45.3794 27 0 0 0.0210397
45.4116 27 0 0 0.0197066
45.4589 27 0 0 0.017888
45.5078 27 0 0 0.0141966
45.5489 27 0 0 0.0089
45.5642 27 0 0 0.00899063
45.6203 27 0 0 0.010752
45.6183 27 0 0 0.0141016
45.6508 27 0 0 0.019525
45.7223 28 0 0.0225617 0.0328512
45.7573 28 0 0.0194055 0.0338483
45.7903 28 0 0.0157396 0.0333086
45.848 28 0 0.0131944 0.032636
45.9041 28 0 0.0116263 0.0321471
45.9283 28 0 0.0146924 0.0347485
45.9461 28 0 0.0125309 0.0338396
45.9934 28 0 0.00442907 0.0348846
46.0202 28 0 0.0102 0.0362109
46.0448 28 0 0.00809796 0.034973
46.096 28 0 0.00699272 0.034561
46.1091 28 0 0.00611111 0.0348942
46.1705 28 0 0.00635161 0.0346401
46.2209 28 0 0.00689342 0.0328762
46.2467 28 0 0.00497778 0.0332283
46.2688 28 0 0.0133701 0.033168
46.2938 28 0 0.017449 0.0306559
