0 0 0 0 nan
0.0492 0 0 0 0.019725
0.1042 0 0 0 0.0197441
0.1575 0 0 0 0.0197455
0.2107 0 0 0 0.0197553
0.2503 0 0 0 0.0197579
0.3093 0 0 0 0.0197569
0.354 0 0 0 0.0197625
0.4025 0 0 0 0.0197664
0.4493 0 0 0 0.019765
0.4959 0 0 0 0.0197668
0.5454 0 0 0 0.0197633
0.5802 0 0 0 0.0197579
0.6461 0 0 0 0.0197573
0.6956 0 0 0 0.019761
0.7476 0 0 0 0.0197606
0.8077 0 0 0 0.0197523
0.8579 0 0 0 0.019747
0.9105 0 0 0 0.0197523
0.9571 0 0 0 0.0197498
1.0061 0 0 0 0.0197538
1.0411 0 0 0 0.0197518
1.1005 0 0 0 0.0197531
1.153 0 0 0 0.0197505
1.212 0 0 0 0.0197505
1.2697 0 0 0 0.0197489
1.3211 0 0 0 0.0197462
1.3609 0 0 0 0.0197359
1.4147 0 0 0 0.0197366
1.4649 0 0 0 0.0197366
1.4951 0 0 0 0.0197259
1.5596 0 0 0 0.0197212
1.5988 0 0 0 0.0197252
1.6666 0 0 0 0.0197201
1.7112 0 0 0 0.0197212
1.7642 0 0 0 0.0197269
1.8103 0 0 0 0.0197235
1.8659 0 0 0 0.0197299
1.8924 0 0 0 0.0197185
1.9416 0 0 0 0.0197146
1.9858 0 0 0 0.019718
2.0285 0 0 0 0.0197199
2.0712 0 0 0 0.0197176
2.1344 0 0 0 0.0197088
2.1906 0 0 0 0.0196958
2.2417 0 0 0 0.0196859
2.2872 0 0 0 0.0196829
2.3395 0 0 0 0.0196829
2.4047 0 0 0 0.0197044
2.4529 0 0 0 0.0197008
2.5107 0 0 0 0.0196963
2.5639 0 0 0 0.0196897
2.6182 0 0 0 0.0196771
2.6817 0 0 0 0.0196817
2.7158 0 0 0 0.0196741
2.7614 0 0 0 0.0196629
2.8046 0 0 0 0.0196529
2.8641 0 0 0 0.0196812
2.9162 0 0 0 0.0196539
2.9731 0 0 0 0.0196588
3.0227 0 0 0 0.0196404
3.0656 0 0 0 0.0196341
3.1003 0 0 0 0.019612
3.1373 0 0 0 0.019629
3.163 0 0 0 0.0195889
3.2233 0 0 0 0.0195896
3.2577 0 0 0 0.0195922
3.2983 0 0 0 0.0195706
3.3592 0 0 0 0.0195709
3.4178 0 0 0 0.01955
3.4372 0 0 0 0.0194941
3.4577 0 0 0 0.0194309
3.5095 0 0 0 0.0193904
3.529 0 0 0 0.0193885
3.5986 0 0 0 0.0194394
3.6607 0 0 0 0.019476
3.7173 0 0 0 0.0194667
3.7632 0 0 0 0.0194373
3.7971 0 0 0 0.0194693
3.8084 0 0 0 0.019411
3.8449 0 0 0 0.0194205
3.819 0 0 0 0.0194205
3.8825 0 0 0 0.0193897
3.9179 0 0 0 0.0193927
3.932 0 0 0 0.0193431
3.9325 0 0 0 0.0193334
3.9842 0 0 0 0.0193386
4.0276 0 0 0 0.019323
4.0996 0 0 0 0.0192728
4.1573 0 0 0 0.0192752
4.1851 0 0 0 0.0192333
4.2433 0 0 0 0.0192438
4.2634 0 0 0 0.0192354
4.3501 0 0 0 0.0192238
4.3739 0 0 0 0.0190745
4.3976 0 0 0 0.0190807
4.4637 0 0 0 0.0190134
4.4736 0 0 0 0.0190195
4.5207 0 0 0 0.0189379
4.5753 0 0 0 0.0188521
4.6541 0 0 0 0.0188483
4.6966 0 0 0 0.0187887
4.6936 0 0 0 0.0189131
4.728 0 0 0 0.0186767
4.7591 0 0 0 0.0185775
4.7981 0 0 0 0.0184274
4.8695 0 0 0 0.0187093
4.9171 0 0 0 0.0186859
4.9553 0 0 0 0.0187306
4.9873 0 0 0 0.0184969
5.0419 0 0 0 0.0182911
5.0262 0 0 0 0.0182884
5.0844 0 0 0 0.0181898
5.1051 0 0 0 0.0181596
5.1838 0 0 0 0.0183076
5.2317 0 0 0 0.0182174
5.309 0 0 0 0.0179429
5.3571 0 0 0 0.0179207
5.3752 0 0 0 0.017759
5.3937 0 0 0 0.0176557
5.4214 0 0 0 0.0175595
5.4752 0 0 0 0.0174528
5.5484 0 0 0 0.0176095
5.5936 0 0 0 0.0178757
5.6674 0 0 0 0.0176571
5.7026 0 0 0 0.0172669
5.6915 0 0 0 0.0168614
5.7345 0 0 0 0.0167917
5.7691 0 0 0 0.0167541
5.8088 0 0 0 0.01654
5.8783 0 0 0 0.0164982
5.908 0 0 0 0.0162506
5.9289 0 0 0 0.015837
5.955 0 0 0 0.0159749
6.0047 0 0 0 0.0155043
6.0534 0 0 0 0.0153946
6.1145 0 0 0 0.0150297
6.1684 0 0 0 0.0148746
6.2299 0 0 0 0.0139255
6.2626 0 0 0 0.0129779
6.3187 0 0 0 0.0134167
6.3587 0 0 0 0.0135905
6.4041 0 0 0 0.0145921
6.4122 0 0 0 0.0138491
6.4145 0 0 0 0.0139567
6.4278 0 0 0 0.0142687
6.4983 0 0 0 0.0146336
6.5258 0 0 0 0.0141553
6.5642 0 0 0 0.0146344
6.5775 0 0 0 0.0145735
6.6038 0 0 0 0.0141742
6.6563 0 0 0 0.0151329
6.6663 0 0 0 0.0146815
6.7119 0 0 0 0.0144355
6.7349 0 0 0 0.0148667
6.7639 0 0 0 0.0146914
6.8269 0 0 0 0.0146359
6.8399 0 0 0 0.0133018
6.8962 0 0 0 0.0136371
6.9248 0 0 0 0.0124008
6.9368 0 0 0 0.0128676
6.9906 0 0 0 0.0135477
7.0124 0 0 0 0.0124762
7.0819 0 0 0 0.0111381
7.1301 0 0 0 0.0115749
7.184 0 0 0 0.0121514
7.2197 0 0 0 0.0123639
7.2533 1 0 0.0116275 0.0318479
7.2947 1 0 0.0121441 0.0315879
7.3418 1 0 0.0114405 0.0312757
7.3767 1 0 0.01137 0.0330386
7.4774 1 0 0.0109533 0.0321341
7.5347 1 0 0.0114401 0.0321038
7.5321 1 0 0.0104315 0.0305583
7.5716 1 0 0.0112674 0.0308431
7.5995 1 0 0.0111957 0.0306269
7.6623 1 0 0.0110265 0.0320233
7.7074 1 0 0.0118378 0.0313809
7.7066 1 0 0.0131856 0.0303247
7.771 1 0 0.0131505 0.0309749
7.846 1 0 0.0129185 0.029308
7.902 1 0 0.0131492 0.0276602
7.9694 1 0 0.0133107 0.0264806
8.0028 1 0 0.0124931 0.0266882
8.0705 1 0 0.0123438 0.0259737
8.0835 1 0 0.0129758 0.023967
8.1247 1 0 0.0126276 0.0258285
8.1163 1 0 0.0117452 0.0259817
8.1193 1 0 0.0120983 0.0255531
8.1577 1 0 0.0108724 0.0258503
8.1957 1 0 0.00922902 0.0252247
8.2233 1 0 0.002944 0.0258038
8.2466 1 0 0.00274348 0.0255856
8.3173 1 0 0.00489796 0.0263528
8.347 1 0 0.0031758 0.0267396
8.3959 1 0 0.0036 0.0263811
8.4328 1 0 0.00793388 0.0260537
8.4601 1 0 0.00415225 0.0242177
8.4816 1 0 0.00489796 0.0237678
8.5131 1 0 0.00234375 0.0242482
8.544 1 0 0 0.0240343
8.6126 1 0 0 0.0238171
8.6218 1 0 0 0.0229602
8.6415 1 0 0 0.0231217
8.665 1 0 0 0.0233571
8.7193 1 0 0 0.0230767
8.7448 1 0 0 0.0231918
8.8341 1 0 0 0.0235315
8.8856 1 0 0 0.0226472
8.9235 1 0 0 0.0241388
8.9239 1 0 0 0.0246878
8.9465 1 0 0 0.0246333
8.9627 1 0 0 0.0236212
9.052 1 0 0 0.0231807
9.0779 1 0 0 0.0240905
9.1142 1 0 0 0.0239815
9.1591 1 0 0 0.0238024
9.1931 1 0 0 0.0235125
9.2074 1 0 0 0.0234516
9.2172 1 0 0 0.0242515
9.2413 1 0 0 0.0237402
9.2628 1 0 0 0.0226172
9.2974 1 0 0 0.0220307
9.3406 1 0 0 0.0222206
9.3725 1 0 0 0.0223849
9.4291 1 0 0 0.0211493
9.5019 1 0 0 0.0203942
9.5182 1 0 0 0.018023
9.5613 1 0 0 0.0177372
9.6164 1 0 0 0.0183196
9.6273 1 0 0 0.0169434
9.6684 1 0 0 0.0174815
9.7212 1 0 0 0.0179584
9.7661 1 0 0 0.0180372
9.8237 1 0 0 0.0183451
9.9004 1 0 0 0.0169618
9.9298 1 0 0 0.0218837
9.9772 1 0 0 0.0207347
10.0219 1 0 0 0.0228
10.0745 1 0 0 0.023744
10.118 1 0 0 0.0217
10.1464 1 0 0 0.0234711
10.2244 1 0 0 0.0220408
10.2626 1 0 0 0.0197959
10.3235 1 0 0 0.0113889
10.3549 1 0 0 0.0146746
10.3888 1 0 0 0.0178125
10.4594 1 0 0 0.0214958
10.511 1 0 0 0.0219753
10.527 1 0 0 0.0167313
10.5648 1 0 0 0.0178393
10.609 1 0 0 0.0210381
10.6474 1 0 0 0.0185042
10.698 1 0 0 0.0186767
10.7304 1 0 0 0.0193827
10.7919 1 0 0 0.0230471
10.8293 1 0 0 0.0240741
10.8632 1 0 0 0.0234694
10.9223 1 0 0 0.0232099
11.0095 1 0 0 0.0220408
11.0444 1 0 0 0.00875
11.1008 1 0 0 0.0108
11.1404 1 0 0 0.0113194
11.2164 1 0 0 0.0109722
11.2691 1 0 0 0.011856
11.3038 1 0 0 0.00757396
11.3395 1 0 0 0.0110937
11.3783 1 0 0 0.012562
11.4427 1 0 0 0.0134256
11.4619 1 0 0 0.0140972
11.4889 1 0 0 0.0144444
11.5583 1 0 0 0.0151562
11.6432 1 0 0 0.0147222
11.6425 1 0 0 0.0129778
11.6764 1 0 0 0.0112346
11.7377 1 0 0 0.0075
11.7739 1 0 0 0.0036
11.7913 1 0 0 0.0064
11.8944 1 0 0 0.01
11.8782 1 0 0 0
11.9074 1 0 0 nan
11.9173 1 0 0 0
11.9236 1 0 0 0
11.9756 1 0 0 0.01
11.9789 1 0 0 0.0118519
11.9906 1 0 0 0.00877551
12.0215 1 0 0 0.00554017
12.0905 1 0 0 0.00330579
12.1054 1 0 0 0.00489796
12.1467 1 0 0 0.0068
12.2139 1 0 0 0.00555556
12.2114 1 0 0 0.00353741
12.2622 1 0 0 0.00740741
12.3055 1 0 0 0.0114286
12.3374 1 0 0 0.0140816
12.3359 1 0 0 0.0148437
12.3553 1 0 0 0.0154667
12.3938 1 0 0 0.0151479
12.4354 1 0 0 0.0138776
12.4593 1 0 0 0.010625
12.5109 1 0 0 0.0125444
12.546 1 0 0 0.0133333
12.5945 1 0 0 0.0138843
12.5963 1 0 0 0.0114286
12.6433 1 0 0 0.0144
12.6864 1 0 0 0.015
12.733 1 0 0 0.0163265
12.7482 1 0 0 0.0153086
12.7743 1 0 0 0.0153846
12.8491 1 0 0 0.0136
12.8901 1 0 0 0.00740741
12.9464 1 0 0 0.0112
13.0172 1 0 0 0.0118519
13.0998 1 0 0 0.0128395
13.1603 1 0 0 0.0122449
13.2364 1 0 0 0.0075
13.2991 1 0 0 0
13.3594 1 0 0 0
13.3848 1 0 0 0
13.4307 1 0 0 0
13.4852 1 0 0 0
13.5268 1 0 0 0
13.5679 1 0 0 0
13.5956 1 0 0 0
13.6106 1 0 0 0
13.6395 2 0 0 0.0365744
13.6886 2 0 0 0.0368
13.7868 2 0 0 0.0285714
13.8086 2 0 0 0.0276
13.8644 2 0 0 0.0294444
13.925 3 0 0.0256633 0.0465157
13.9567 3 0 0.0214286 0.0452784
13.9681 3 0 0.0158478 0.04275
14.0008 3 0 0.0189714 0.0417882
14.0178 3 0 0.0208264 0.040344
14.095 3 0 0.0239556 0.0398958
14.161 3 0 0.0240666 0.0398942
14.1673 3 0 0.0183143 0.04
14.1824 3 0 0.0192 0.0388223
14.2088 3 0 0.0155556 0.0386437
14.2479 3 0 0.0106371 0.036106
14.302 3 0 0.0132964 0.0356185
14.3827 3 0 0 0.0375047
14.3965 3 0 0 0.0402457
14.3985 3 0 0 0.03904
14.4144 3 0 0 0.0381773
14.423 3 0 0 0.0363261
14.4614 3 0 0 0.038781
14.524 3 0 0 0.0415736
14.5818 3 0 0 0.0405515
14.5969 3 0 0 0.0382189
14.6205 3 0 0 0.0352615
14.6743 3 0 0 0.0344802
14.7067 3 0 0 0.0334863
14.732 3 0 0 0.0339551
14.7731 3 0 0 0.0335692
14.826 3 0 0 0.031517
14.9219 3 0 0 0.0318391
14.9596 3 0 0 0.0341349
15.0228 3 0 0 0.0340734
15.0525 3 0 0 0.0323314
15.0845 3 0 0 0.033586
15.132 3 0 0 0.0305761
15.1634 3 0 0 0.031101
15.1594 3 0 0 0.0294479
15.2195 3 0 0 0.0303444
15.2522 3 0 0 0.025735
15.2773 3 0 0 0.0209754
15.3137 3 0 0 0.0275052
15.3783 3 0 0 0.0308918
15.4444 3 0 0 0.0358711
15.4448 3 0 0 0.0385506
15.5069 3 0 0 0.0410964
15.5729 3 0 0 0.0408044
15.618 3 0 0 0.0410843
15.6931 3 0 0 0.0411909
15.7162 3 0 0 0.0396494
15.7906 3 0 0 0.0376235
15.8182 3 0 0 0.0379501
15.8445 3 0 0 0.0406612
15.8708 3 0 0 0.0395139
15.9128 3 0 0 0.0373702
15.9609 3 0 0 0.0366667
16.0356 3 0 0 0.0396528
16.1301 3 0 0 0.0400826
16.1686 4 0 0.0399 0.0475694
16.2212 4 0 0.0402469 0.0483176
16.2489 4 0 0.031875 0.0449887
16.2985 4 0 0.0326531 0.0512111
16.3554 4 0 0.0215917 0.0481818
16.3513 4 0 0.0232687 0.0457143
16.4228 4 0 0.0202041 0.0481778
16.487 4 0 0.0266667 0.0442667
16.4666 4 0 0.0277686 0.0204444
16.5081 4 0 0.0288 0.00835556
16.5899 4 0 0.03 0.0036
16.6012 4 0 0.0277686 0.00595041
16.646 4 0 0.0277686 0
16.6962 4 0 0.0293878 0.00816327
16.7151 4 0 0.0266667 0.02125
16.7935 4 0 0.0293878 0.0251852
16.7928 4 0 0.0192 0.0112
16.8111 4 0 0.0192 0.0125
16.8409 4 0 0.03 0.0117188
16.9193 5 0 0.0109877 nan
16.9744 5 0 0.00877551 0
16.994 5 0 0.00991736 0.0177778
17.0459 5 0 0.00691358 0.0177778
17.0903 5 0 0.00673469 0.0177778
17.1009 5 0 0.00710059 0.0128
17.154 5 0 0.00979592 0
17.1808 5 0 0.004375 0
17.1852 5 0 0.00555556 0
17.2748 5 0 0.00793388 nan
17.2887 5 0 0.0075 nan
17.351 5 0 0.00489796 nan
17.3676 5 0 0.0061678 nan
17.4017 5 0 0.0051 0
17.4463 5 0 0.00574669 0
17.4789 5 0 0.0062435 0
17.5494 5 0 0.00462222 0
17.5882 5 0 0.00595041 0.004375
17.643 5 0 0.00489796 0.004375
17.6446 5 0 0.00555556 0.0064
17.7376 5 0 0.0075 0.0118519
17.796 5 0 0.00555556 0.00691358
17.8213 5 0 0.00489796 0.00489796
17.8269 5 0 0.01 0.01
17.8753 5 0 0 0
17.9331 5 0 0 nan
17.9502 5 0 0 nan
18.023 5 0 0 nan
18.0396 5 0 0 0
18.0692 5 0 0 0
18.0687 5 0 0 nan
18.0987 5 0 0 nan
18.1292 5 0 0 nan
18.1659 5 0 0 nan
18.2376 5 0 0 nan
18.2478 5 0 0 nan
18.2926 5 0 0 nan
18.2852 5 0 0 0
18.3381 5 0 0 0
18.3699 5 0 0 nan
18.4106 5 0 0 nan
18.4501 5 0 0 nan
18.4399 5 0 0 nan
18.4483 5 0 0 nan
18.4771 5 0 0 0
18.5194 5 0 0 0
18.5882 5 0 0 0
18.5902 5 0 0 nan
18.6367 5 0 0 nan
18.6333 5 0 0 nan
18.6321 5 0 0 nan
18.6545 5 0 0 nan
18.7408 5 0 0 0
18.7664 5 0 0 0
18.7772 5 0 0 0
18.7898 5 0 0 0
18.8501 5 0 0 0
18.8916 5 0 0 0
18.8811 5 0 0 0
18.8961 5 0 0 0
18.8957 8 0 0.0641975 0.0838536
18.9461 8 0 0.0416 0.0858194
18.9485 8 0 0 0.0861224
18.9737 8 0 0 0.0869804
19.0392 8 0 0 0.079656
19.0652 8 0 0 0.062928
19.112 8 0 0 0.0599334
19.1289 8 0 0 0.0570248
19.1846 8 0 0 0.0636157
19.2151 8 0 0 0.0741304
19.2647 9 0 0.0877092 0.0786008
19.2725 9 0 0.0799314 0.0776535
19.277 9 0 0.0847959 0.0578002
19.3212 9 0 0.0882963 0.050651
19.3441 9 0 0.0915753 0.0445349
19.3851 9 0 0.0904494 0.0342987
19.4202 9 0 0.0875614 0.0297397
19.443 9 0 0.09 0.0242976
19.4959 9 0 0.092562 0.0205335
19.4864 9 0 0.08365 0.0275342
19.5244 9 0 0.0791527 0.021253
19.5825 9 0 0.0745638 0.0265115
19.5939 9 0 0.0654337 0.0260078
19.6563 9 0 0.0601852 0.0338742
19.7154 9 0 0.057845 0.0323864
19.7574 9 0 0.0694215 0.0352129
19.8115 9 0 0.0677765 0.0334239
19.864 9 0 0.0636574 0.0273444
19.8744 9 0 0.0492271 0.0160639
19.8854 9 0 0.0462585 0.0124308
19.9019 9 0 0.0328125 0.0121571
19.9377 9 0 0.0306213 0.0128125
19.9821 9 0 0.0452675 0.0173316
20.031 9 0 0.0512695 0.0176769
20.1091 9 0 0.0576132 0.0179367
20.1398 9 0 0.0635161 0.0144889
20.1903 9 0 0.0581717 0.0134187
20.2361 9 0 0.0744792 0.0118378
20.2792 9 0 0.06825 0.0119576
20.3082 9 0 0.0746667 0.0249023
20.3331 9 0 0.0518519 0.0260845
20.3531 9 0 0.0518519 0.0196177
20.4265 9 0 0.075 0.019719
20.4272 9 0 0.05625 0.0196302
20.4617 9 0 0 0.0217556
20.4624 9 0 0 0.0161704
20.4964 9 0 0 0.0107533
20.5026 9 0 0 0.00912381
20.5354 9 0 0 0.00800947
20.556 10 0 0.00741689 0.0779212
20.5842 10 0 0.00625283 0.081662
20.6473 10 0 0.00557232 0.083044
20.6925 10 0 0.00506314 0.0823513
20.7285 10 0 0.00604865 0.0712277
20.76 10 0 0.00564738 0.0623967
20.8281 10 0 0.00356043 0.0589905
20.8464 10 0 0.00517747 0.0390264
20.8896 10 0 0.00455791 0.038136
20.9341 10 0 0.004375 0.0385826
20.9921 10 0 0.00647461 0.0409067
21.0484 10 0 0.00507908 0.0290051
21.1137 10 0 0.00555556 0.0291592
21.1167 10 0 0.00382653 0.028391
21.1495 10 0 0.00310256 0.0278031
21.1904 10 0 0.00344671 0.0267555
21.2309 10 0 0.00384379 0.0264562
21.2881 10 0 0.0064 0.0273168
21.3283 10 0 0.0064809 0.0280841
21.3597 10 0 0.00473664 0.0282292
21.3862 10 0 0.0052071 0.027413
21.4259 10 0 0.00418271 0.0277654
21.4553 10 0 0.00347633 0.0273536
21.4889 10 0 0.00535124 0.0272421
21.5159 10 0 0.00181406 0.0272818
21.5571 10 0 0.002596 0.0274116
21.5918 10 0 0.0036 0.0272732
21.6389 10 0 0.000869136 0.027624
21.6806 10 0 0.000850662 0.0275328
21.7266 10 0 0.000999343 0.0272748
21.7507 10 0 0 0.0277726
21.8118 10 0 0 0.0278149
21.8284 10 0 0 0.027328
21.8689 10 0 0 0.0272235
21.9138 10 0 0 0.0273075
21.9582 10 0 0 0.0268397
21.9832 10 0 0 0.0266641
21.997 10 0 0 0.026464
22.0463 10 0 0 0.0251852
22.0858 10 0 0 0.0258599
22.0918 10 0 0 0.0252172
22.1343 10 0 0 0.0262998
22.1615 10 0 0 0.0256497
22.2227 10 0 0 0.025
22.2418 10 0 0 0.0250479
22.2708 10 0 0 0.0256404
22.3241 10 0 0 0.0262132
22.3909 10 0 0 0.0262628
22.418 10 0 0 0.026529
22.442 10 0 0 0.0249679
22.4697 10 0 0 0.0245152
22.5177 10 0 0 0.0246281
22.5683 10 0 0 0.025024
22.6065 10 0 0 0.0245311
22.6425 10 0 0 0.0229889
22.6832 10 0 0 0.019051
22.7099 10 0 0 0.0192898
22.7635 10 0 0 0.0180997
22.7903 10 0 0 0.0167329
22.8631 10 0 0 0.020503
22.9084 10 0 0 0.0213905
22.9321 10 0 0 0.0210544
22.97 10 0 0 0.0207351
23.0259 10 0 0 0.0202667
23.0728 10 0 0 0.0196693
23.1129 10 0 0 0.0171174
23.1315 10 0 0 0.0132437
23.1675 10 0 0 0.012038
23.1849 10 0 0 0.0094518
23.2236 10 0 0 0.00987144
23.2326 10 0 0 0.00947417
23.2682 10 0 0 0.00832838
23.2835 10 0 0 0.0092
23.3472 10 0 0 0.0092839
23.3732 10 0 0 0.00783037
23.4449 10 0 0 0.00767301
23.4811 10 0 0 0.00764121
23.5311 11 0 0.00769894 0.0162545
23.561 11 0 0.00822752 0.0144108
23.597 11 0 0.00603567 0.0166285
23.655 11 0 0.00569336 0.020498
23.6901 11 0 0.00727111 0.019061
23.7259 11 0 0.00382653 0.0200884
23.7562 11 0 0.0035371 0.0201665
23.7821 11 0 0.0033748 0.0193235
23.8537 11 0 0.00535124 0.0182765
23.869 11 0 0.00387524 0.0179302
23.9139 11 0 0.0064 0.0171125
23.9734 11 0 0.00609375 0.0170548
24.002 11 0 0.00117539 0.0177461
24.0499 11 0 0 0.0161622
24.0826 11 0 0 0.0141557
24.1131 11 0 0 0.0142568
24.1687 11 0 0 0.0133691
24.2162 11 0 0 0.0143462
