0.2 1.4
0 0 0 0 nan
0.063 0 0 0 0.0196993
0.1097 0 0 0 0.0197271
0.1602 0 0 0 0.019729
0.2091 0 0 0 0.0197152
0.2468 0 0 0 0.0197238
0.3024 0 0 0 0.019713
0.3595 0 0 0 0.0197171
0.4203 0 0 0 0.0197053
0.4835 0 0 0 0.0196897
0.5246 0 0 0 0.0196638
0.5858 0 0 0 0.0196565
0.6198 0 0 0 0.0196644
0.6779 0 0 0 0.0196161
0.7363 0 0 0 0.0196305
0.7429 0 0 0 0.0196295
0.7948 0 0 0 0.0196465
0.8762 0 0 0 0.0196494
0.9058 0 0 0 0.0196521
0.9263 0 0 0 0.0196664
0.9596 0 0 0 0.0196494
1.0059 0 0 0 0.0196511
1.0665 0 0 0 0.0196413
1.0868 0 0 0 0.0196234
1.1345 0 0 0 0.0196281
1.1697 0 0 0 0.0196352
