0 0 0 0 nan
0.0483 0 0 0 0.0196724
0.0946 0 0 0 0.0197139
0.138 0 0 0 0.0197048
0.1969 0 0 0 0.0197185
0.2501 0 0 0 0.0197097
0.2981 0 0 0 0.0197261
0.3398 0 0 0 0.0197167
0.3888 0 0 0 0.0197281
0.4309 0 0 0 0.0197309
0.4855 0 0 0 0.0197227
0.5201 0 0 0 0.019714
0.5841 0 0 0 0.019704
0.6214 0 0 0 0.0197001
0.6649 0 0 0 0.0197103
0.7193 0 0 0 0.0197124
0.7303 0 0 0 0.0196901
0.7561 0 0 0 0.0196718
0.7945 0 0 0 0.0196678
0.834 0 0 0 0.0196605
0.8876 0 0 0 0.0196367
0.9285 0 0 0 0.0195833
0.9559 0 0 0 0.0195502
1.002 0 0 0 0.0195067
1.0229 0 0 0 0.0195208
1.056 0 0 0 0.019528
1.0837 0 0 0 0.0195304
1.1012 0 0 0 0.0195397
1.1375 0 0 0 0.0195208
1.1893 0 0 0 0.0195549
1.241 0 0 0 0.0195765
1.2234 0 0 0 0.0195586
1.1898 0 0 0 0.0195724
1.2293 0 0 0 0.01958
1.2543 0 0 0 0.0195605
1.3326 0 0 0 0.0195379
1.3653 0 0 0 0.0195305
1.3894 0 0 0 0.0194766
1.388 0 0 0 0.0194744
1.3792 0 0 0 0.0193801
1.3829 0 0 0 0.0193893
1.3767 0 0 0 0.0194227
1.3777 0 0 0 0.019478
1.4397 0 0 0 0.0194775
1.4543 0 0 0 0.0194973
1.5536 0 0 0 0.0194985
1.5765 0 0 0 0.0195256
1.5957 0 0 0 0.0195378
1.6623 0 0 0 0.0195281
1.6914 0 0 0 0.0195505
1.7596 0 0 0 0.0195178
1.771 0 0 0 0.0194902
1.81 0 0 0 0.01948
1.8728 0 0 0 0.0193962
1.9141 0 0 0 0.0194104
1.9375 0 0 0 0.0194659
1.86 0 0 0 0.0194515
1.8823 0 0 0 0.0194184
1.8234 0 0 0 0.0194995
1.7832 0 0 0 0.0195369
1.7201 0 0 0 0.0195443
1.7648 0 0 0 0.0195471
1.7669 0 0 0 0.0195719
1.8009 0 0 0 0.0195634
1.8284 0 0 0 0.0195854
1.8964 0 0 0 0.0194973
1.8441 0 0 0 0.0195101
1.8698 0 0 0 0.01952
1.8666 0 0 0 0.019522
1.8473 0 0 0 0.0195399
1.7984 0 0 0 0.0195445
1.737 0 0 0 0.019538
1.76 0 0 0 0.0195082
1.707 0 0 0 0.0195334
1.6959 0 0 0 0.0195263
1.688 0 0 0 0.0195094
1.7271 0 0 0 0.0194836
1.7703 0 0 0 0.0194733
1.7777 0 0 0 0.0194563
1.7903 0 0 0 0.0194735
1.8272 0 0 0 0.0193923
1.8506 0 0 0 0.0193457
1.8641 0 0 0 0.0193143
1.8547 0 0 0 0.01936
1.8705 0 0 0 0.0192642
1.8942 0 0 0 0.019285
1.8231 0 0 0 0.0191821
1.8304 0 0 0 0.0191941
1.8382 0 0 0 0.0192498
1.8725 0 0 0 0.019137
1.908 0 0 0 0.0191641
1.9753 0 0 0 0.0192225
1.9812 0 0 0 0.0192537
2.0261 0 0 0 0.0192542
2.0972 0 0 0 0.0192707
2.1144 0 0 0 0.0191655
2.1461 0 0 0 0.0190755
2.2287 0 0 0 0.0190671
2.2152 0 0 0 0.0191118
2.26 0 0 0 0.0191603
2.2558 0 0 0 0.0192196
2.1931 0 0 0 0.0193031
2.169 0 0 0 0.0193044
2.1942 0 0 0 0.0193046
2.1487 0 0 0 0.0192239
2.1957 0 0 0 0.019254
2.19 0 0 0 0.0193157
2.2057 0 0 0 0.0193193
2.2182 0 0 0 0.0192502
2.1747 0 0 0 0.0192321
2.0907 0 0 0 0.0191272
2.0807 0 0 0 0.0191406
2.0738 0 0 0 0.0191497
2.0303 0 0 0 0.0191761
1.9725 0 0 0 0.0191697
1.9481 0 0 0 0.0191764
1.9631 0 0 0 0.0192443
1.9625 0 0 0 0.019178
1.946 0 0 0 0.0190775
1.8985 0 0 0 0.0191223
1.896 0 0 0 0.0191663
1.8514 0 0 0 0.0192844
1.7585 0 0 0 0.0193058
1.7912 0 0 0 0.0193368
1.8644 0 0 0 0.0193235
1.8167 0 0 0 0.019349
1.7149 0 0 0 0.0192932
1.787 0 0 0 0.0192091
1.7775 0 0 0 0.0191135
1.7681 0 0 0 0.0192273
1.7541 0 0 0 0.0192686
1.7361 0 0 0 0.0193131
1.7862 0 0 0 0.0194029
1.7673 0 0 0 0.0194228
1.7955 0 0 0 0.0194554
1.7852 0 0 0 0.0194673
1.7691 0 0 0 0.0194426
1.7691 0 0 0 0.0195142
1.8708 0 0 0 0.0194982
1.8705 0 0 0 0.0194819
1.856 0 0 0 0.0194691
1.8233 0 0 0 0.019469
1.9079 0 0 0 0.0194928
1.8897 0 0 0 0.0195303
1.9 0 0 0 0.0195167
1.8991 0 0 0 0.0195284
1.8983 0 0 0 0.0194468
1.8879 0 0 0 0.0193373
1.9167 0 0 0 0.0192944
1.9331 0 0 0 0.0192742
1.9727 0 0 0 0.0192484
1.8943 0 0 0 0.0192486
1.9143 0 0 0 0.0192383
1.9196 0 0 0 0.0192057
1.9291 0 0 0 0.019228
1.9964 0 0 0 0.0192498
1.9895 0 0 0 0.0192231
1.9711 0 0 0 0.0190949
1.9136 0 0 0 0.0189972
1.9806 0 0 0 0.0188255
1.9661 0 0 0 0.0187852
1.9515 0 0 0 0.0187089
1.8973 0 0 0 0.0186685
1.9889 0 0 0 0.0188045
1.9391 0 0 0 0.0189166
1.9555 0 0 0 0.018657
1.9682 0 0 0 0.0187488
2.0328 0 0 0 0.0186274
2.0336 0 0 0 0.018879
1.9802 0 0 0 0.0188088
1.9806 0 0 0 0.0189363
2.0214 0 0 0 0.0189712
1.9622 0 0 0 0.0189814
2.0159 0 0 0 0.0190137
2.0044 0 0 0 0.0190731
2.0661 0 0 0 0.0190926
2.0985 0 0 0 0.0191519
2.1564 0 0 0 0.0190379
2.1729 0 0 0 0.018967
2.1994 0 0 0 0.0190594
2.2462 0 0 0 0.0190558
2.2842 0 0 0 0.0190269
2.2788 0 0 0 0.0189745
2.2512 0 0 0 0.0190311
2.2037 0 0 0 0.0190255
2.1845 0 0 0 0.0190135
2.2387 0 0 0 0.0189341
2.2694 0 0 0 0.0190416
2.2725 0 0 0 0.0190176
2.3257 0 0 0 0.019029
2.3601 0 0 0 0.0191086
2.2466 0 0 0 0.0191401
2.2017 0 0 0 0.0190399
2.2039 0 0 0 0.0189706
2.1161 0 0 0 0.0189671
2.1667 0 0 0 0.018979
2.1225 0 0 0 0.0187483
2.0858 0 0 0 0.0188303
2.0285 0 0 0 0.0189081
2.0421 0 0 0 0.0187824
2.069 0 0 0 0.0187818
2.0593 0 0 0 0.0188308
2.0811 0 0 0 0.0187249
2.0724 0 0 0 0.0189227
2.0442 0 0 0 0.0189214
2.0512 0 0 0 0.018986
2.0854 0 0 0 0.0190439
2.0975 0 0 0 0.0189947
2.0927 0 0 0 0.0189176
2.1774 0 0 0 0.0188634
2.2255 0 0 0 0.0189955
2.2615 0 0 0 0.0190405
2.2467 0 0 0 0.018897
2.2345 0 0 0 0.0188649
2.2369 0 0 0 0.0187495
2.2882 0 0 0 0.0185736
2.3029 0 0 0 0.0186116
2.3153 0 0 0 0.0185741
2.3517 0 0 0 0.0187784
2.3348 0 0 0 0.0186481
2.2481 0 0 0 0.0186085
2.2003 0 0 0 0.0187118
2.2155 0 0 0 0.0187453
2.1785 0 0 0 0.0189179
2.1649 0 0 0 0.0189757
2.1534 0 0 0 0.0188408
2.1617 0 0 0 0.0188971
2.1809 0 0 0 0.0189185
2.2532 0 0 0 0.0187822
2.3112 0 0 0 0.0188325
2.3433 0 0 0 0.0187834
2.3105 0 0 0 0.0190649
2.3357 0 0 0 0.0190188
2.3376 0 0 0 0.018974
2.3191 0 0 0 0.0189215
2.32 0 0 0 0.0188509
2.2678 0 0 0 0.0188868
2.2914 0 0 0 0.0189324
2.2741 0 0 0 0.0188282
2.1901 0 0 0 0.018699
2.1821 0 0 0 0.0186211
2.1894 0 0 0 0.018688
2.175 0 0 0 0.0186332
2.2187 0 0 0 0.0186346
2.2159 0 0 0 0.0186706
2.1597 0 0 0 0.0186035
2.1808 0 0 0 0.0184601
2.2178 0 0 0 0.0182487
2.1944 0 0 0 0.0181969
2.1249 0 0 0 0.0183212
2.1546 0 0 0 0.0184251
2.1093 0 0 0 0.0183
2.0434 0 0 0 0.0181964
2.1114 0 0 0 0.0178759
2.1351 0 0 0 0.0179064
2.0813 0 0 0 0.0179053
2.0794 0 0 0 0.0178675
2.0593 0 0 0 0.0176194
2.0519 0 0 0 0.0175431
2.106 0 0 0 0.0179338
2.071 0 0 0 0.0182252
2.0733 0 0 0 0.0184136
2.0995 0 0 0 0.0183532
2.0618 0 0 0 0.0179146
2.1118 0 0 0 0.0180097
2.1079 0 0 0 0.0175742
2.1118 0 0 0 0.0176902
2.1018 0 0 0 0.0179899
2.1183 0 0 0 0.017911
2.1042 0 0 0 0.0185002
2.0944 0 0 0 0.0185921
2.0648 0 0 0 0.0181844
2.1619 0 0 0 0.0181333
2.2042 0 0 0 0.0181784
2.1989 0 0 0 0.0181698
2.1815 0 0 0 0.0180093
2.0842 0 0 0 0.0179962
2.108 0 0 0 0.0177306
2.0704 0 0 0 0.0174246
2.0508 0 0 0 0.0180808
2.1282 0 0 0 0.0179055
2.1388 0 0 0 0.0177714
2.1195 0 0 0 0.0179515
2.1342 0 0 0 0.0180834
2.0906 0 0 0 0.0181543
2.0067 0 0 0 0.0181828
2.0384 0 0 0 0.0179308
2.1312 0 0 0 0.0182012
2.1525 0 0 0 0.01805
2.1838 0 0 0 0.0178187
2.2341 0 0 0 0.018274
2.1775 0 0 0 0.0183828
2.1716 0 0 0 0.0184615
2.1691 0 0 0 0.018177
2.1705 0 0 0 0.0180711
2.1423 0 0 0 0.0180605
2.1894 0 0 0 0.0182079
2.1713 0 0 0 0.0183372
2.1676 0 0 0 0.0186583
2.2856 0 0 0 0.0187135
2.2811 0 0 0 0.0187247
2.309 0 0 0 0.0186024
2.344 0 0 0 0.0185744
2.3439 0 0 0 0.018589
2.4196 0 0 0 0.0184672
2.4788 0 0 0 0.0182249
2.4966 0 0 0 0.0184749
2.4704 0 0 0 0.0184669
2.4685 0 0 0 0.0182182
2.477 0 0 0 0.0183811
2.5117 0 0 0 0.0183726
2.5556 0 0 0 0.0185876
2.4421 0 0 0 0.0186236
2.4759 0 0 0 0.0186463
2.4908 0 0 0 0.0188821
2.4619 0 0 0 0.018932
2.4535 0 0 0 0.0189082
2.4442 0 0 0 0.018964
2.4151 0 0 0 0.019075
2.4119 0 0 0 0.0191074
2.3103 0 0 0 0.0190164
2.3024 0 0 0 0.0188929
2.3828 0 0 0 0.0188369
2.38 0 0 0 0.0188708
2.3995 0 0 0 0.01894
2.334 0 0 0 0.018963
2.3915 0 0 0 0.018988
2.4145 0 0 0 0.0190147
2.4672 0 0 0 0.0191132
2.5344 0 0 0 0.0190612
2.504 0 0 0 0.019113
2.4788 0 0 0 0.0190939
2.3827 0 0 0 0.0190878
2.2968 0 0 0 0.0191495
2.2435 0 0 0 0.0190987
2.2238 0 0 0 0.0191053
2.2278 0 0 0 0.0190732
2.2013 0 0 0 0.0191219
2.1031 0 0 0 0.0191169
2.1422 0 0 0 0.0191844
2.121 0 0 0 0.0191852
2.1572 0 0 0 0.0192465
2.0943 0 0 0 0.0193119
2.2165 0 0 0 0.0192675
2.2241 0 0 0 0.0192533
2.2384 0 0 0 0.0192318
2.2862 0 0 0 0.0192191
2.2377 0 0 0 0.0191738
2.3122 0 0 0 0.0190377
2.3615 0 0 0 0.0189648
2.3198 0 0 0 0.0189141
2.3172 0 0 0 0.0189477
2.3274 0 0 0 0.0189021
2.251 0 0 0 0.0189407
2.2105 0 0 0 0.0188511
2.2022 0 0 0 0.0188154
2.2499 0 0 0 0.018727
2.2672 0 0 0 0.0185489
2.2597 0 0 0 0.0184432
2.2387 0 0 0 0.0186899
2.266 0 0 0 0.0187492
2.3025 0 0 0 0.0188051
2.2477 0 0 0 0.0189908
2.264 0 0 0 0.0190378
2.217 0 0 0 0.0190228
2.1746 0 0 0 0.0190985
2.1758 0 0 0 0.0189708
2.1632 0 0 0 0.0188859
2.174 0 0 0 0.0188271
2.1188 0 0 0 0.0187817
2.19 0 0 0 0.0185963
2.2078 0 0 0 0.0186463
2.1841 0 0 0 0.0186837
2.227 0 0 0 0.0188166
2.238 0 0 0 0.0189616
2.2684 0 0 0 0.0188084
2.3159 0 0 0 0.0186212
2.3345 0 0 0 0.0187194
2.2733 0 0 0 0.018707
2.2762 0 0 0 0.0186364
2.3413 0 0 0 0.0184378
2.3823 0 0 0 0.0180312
2.3583 0 0 0 0.0182255
2.3342 0 0 0 0.0179338
2.3419 0 0 0 0.0179383
2.352 0 0 0 0.0177331
2.4044 0 0 0 0.0175313
2.4278 0 0 0 0.0175543
2.4363 0 0 0 0.0177286
2.4234 0 0 0 0.0180141
2.4839 0 0 0 0.0178619
2.4779 0 0 0 0.0176572
2.4466 0 0 0 0.0178293
2.4154 0 0 0 0.0181347
2.3893 0 0 0 0.0180035
2.334 0 0 0 0.0180875
2.3856 0 0 0 0.0179897
2.4161 0 0 0 0.018492
2.442 0 0 0 0.0184434
2.4762 0 0 0 0.0182452
2.4477 0 0 0 0.0179433
2.4057 0 0 0 0.0174846
2.3683 0 0 0 0.0178665
2.2991 0 0 0 0.0177572
2.3329 0 0 0 0.0177429
2.3002 0 0 0 0.0175579
2.299 0 0 0 0.0174331
2.2604 0 0 0 0.0171412
2.3601 0 0 0 0.0167531
2.4056 0 0 0 0.0165131
2.4247 0 0 0 0.0163501
2.4217 0 0 0 0.0164146
2.4953 0 0 0 0.0160278
2.5132 0 0 0 0.0162184
2.5007 0 0 0 0.0162176
2.4745 0 0 0 0.0168642
2.5124 0 0 0 0.0173125
2.4884 0 0 0 0.0171995
2.5062 0 0 0 0.0176382
2.5422 0 0 0 0.0177094
2.5221 0 0 0 0.0178977
2.5094 0 0 0 0.0176956
2.473 0 0 0 0.0176779
2.5206 0 0 0 0.0180092
2.5673 0 0 0 0.0181199
2.5495 0 0 0 0.0178609
2.4908 0 0 0 0.0179081
2.4794 0 0 0 0.0179706
2.4752 0 0 0 0.0175457
2.525 0 0 0 0.0174463
2.4891 0 0 0 0.0175353
2.4544 0 0 0 0.0179096
2.4704 0 0 0 0.0177666
2.4982 0 0 0 0.0178045
2.4873 0 0 0 0.0180881
2.4647 0 0 0 0.018037
2.4624 0 0 0 0.0179828
2.3268 0 0 0 0.0181564
2.3822 0 0 0 0.018109
2.3979 0 0 0 0.0183178
2.4031 0 0 0 0.0181761
2.3619 0 0 0 0.018272
2.3366 0 0 0 0.0182416
2.3143 0 0 0 0.018278
2.2031 0 0 0 0.0181423
2.1864 0 0 0 0.0181847
2.2369 0 0 0 0.0181118
2.2592 0 0 0 0.0182847
2.2302 0 0 0 0.0184033
2.3132 0 0 0 0.0182311
2.3475 0 0 0 0.018339
2.3574 0 0 0 0.0184545
2.3419 0 0 0 0.018544
2.3572 0 0 0 0.018694
2.3183 0 0 0 0.0188248
2.2896 0 0 0 0.0189003
2.3285 0 0 0 0.0189532
2.2175 0 0 0 0.0188732
2.1433 0 0 0 0.0189812
2.0848 0 0 0 0.0188864
1.929 0 0 0 0.0189599
1.9277 0 0 0 0.0189858
1.9282 0 0 0 0.018983
1.899 0 0 0 0.0191243
1.9135 0 0 0 0.0189922
1.8909 0 0 0 0.0191229
1.878 0 0 0 0.0191797
1.8055 0 0 0 0.0190286
1.8507 0 0 0 0.0190114
1.8914 0 0 0 0.0189437
1.8411 0 0 0 0.0190004
1.783 0 0 0 0.0190742
1.723 0 0 0 0.0190567
1.7086 0 0 0 0.0191177
1.7253 0 0 0 0.0191141
1.7331 0 0 0 0.0191193
1.6853 0 0 0 0.0191465
1.7003 0 0 0 0.0192613
1.733 0 0 0 0.0192503
1.7022 0 0 0 0.0192918
1.7249 0 0 0 0.0192291
1.7202 0 0 0 0.0190163
1.7404 0 0 0 0.0189246
1.7489 0 0 0 0.0188974
1.7682 0 0 0 0.0191499
1.7474 0 0 0 0.0190172
1.7531 0 0 0 0.0190862
1.7031 0 0 0 0.0192071
1.7575 0 0 0 0.019278
1.8245 0 0 0 0.0191246
1.7782 0 0 0 0.0191449
1.7982 0 0 0 0.0192246
1.7851 0 0 0 0.0192611
1.8238 0 0 0 0.0192582
1.8592 0 0 0 0.0192371
1.9025 0 0 0 0.0192041
1.9323 0 0 0 0.0192558
1.9485 0 0 0 0.0192663
1.9468 0 0 0 0.0190615
2.0274 0 0 0 0.0189822
2.0273 0 0 0 0.019037
2.117 0 0 0 0.0190373
2.1057 0 0 0 0.0190817
2.1336 0 0 0 0.0190536
2.1299 0 0 0 0.0191389
2.1429 0 0 0 0.0190872
2.1381 0 0 0 0.0189581
2.1761 0 0 0 0.0190585
2.1815 0 0 0 0.0190184
2.1774 0 0 0 0.0190766
2.2394 0 0 0 0.0191038
2.1867 0 0 0 0.018993
2.2449 0 0 0 0.0190328
2.2197 0 0 0 0.0191054
2.2779 0 0 0 0.0190145
2.2411 0 0 0 0.019159
2.2182 0 0 0 0.0190985
2.2539 0 0 0 0.0190883
2.1603 0 0 0 0.0189707
2.1716 0 0 0 0.0188928
2.2151 0 0 0 0.0187608
2.1797 0 0 0 0.0186728
2.1595 0 0 0 0.0185213
2.1947 0 0 0 0.0186086
2.1504 0 0 0 0.0186462
2.1584 0 0 0 0.0187837
2.1632 0 0 0 0.0189645
2.1693 0 0 0 0.0190813
2.1749 0 0 0 0.0191485
2.0936 0 0 0 0.019049
2.0681 0 0 0 0.0189853
1.9954 0 0 0 0.019023
1.9973 0 0 0 0.0191095
1.9842 0 0 0 0.0191019
2.0009 0 0 0 0.0191413
1.9911 0 0 0 0.0191326
1.8734 0 0 0 0.0189965
1.8906 0 0 0 0.0190448
1.8886 0 0 0 0.0191069
1.8234 0 0 0 0.0191978
1.8 0 0 0 0.0192026
1.8669 0 0 0 0.0190812
1.8893 0 0 0 0.0192076
1.9191 0 0 0 0.0193148
1.8795 0 0 0 0.0194404
1.806 0 0 0 0.0193964
1.7685 0 0 0 0.0193714
1.754 0 0 0 0.0194037
1.739 0 0 0 0.0194254
1.7445 0 0 0 0.0194717
1.7522 0 0 0 0.0194446
1.7839 0 0 0 0.0194417
1.7385 0 0 0 0.0194089
1.7204 0 0 0 0.0194021
1.7769 0 0 0 0.0193644
1.8006 0 0 0 0.0193788
1.8542 0 0 0 0.0193057
1.8514 0 0 0 0.0192635
1.8525 0 0 0 0.0191795
1.8748 0 0 0 0.0191714
1.846 0 0 0 0.019136
1.8681 0 0 0 0.0191546
1.9442 0 0 0 0.0191229
1.8828 0 0 0 0.0190837
1.8905 0 0 0 0.0191554
1.8918 0 0 0 0.0191674
1.9495 0 0 0 0.0191008
1.963 0 0 0 0.0190118
1.9385 0 0 0 0.018995
1.9731 0 0 0 0.0190029
1.9772 0 0 0 0.0191911
1.9795 0 0 0 0.0192565
2.006 0 0 0 0.0192843
2.0416 0 0 0 0.0192781
2.0726 0 0 0 0.0191403
2.1085 0 0 0 0.0190028
2.1185 0 0 0 0.0189977
2.1154 0 0 0 0.0190266
2.0943 0 0 0 0.0190481
2.0782 0 0 0 0.0188867
2.1162 0 0 0 0.0188399
2.1187 0 0 0 0.0187981
2.2068 0 0 0 0.0188274
2.1984 0 0 0 0.0189224
2.1442 0 0 0 0.0188457
2.0776 0 0 0 0.0188963
1.9498 0 0 0 0.0189599
1.8376 0 0 0 0.0188497
1.8194 0 0 0 0.0187512
1.8253 0 0 0 0.0187079
1.8655 0 0 0 0.0186518
1.8609 0 0 0 0.0187433
1.8236 0 0 0 0.0187
1.8396 0 0 0 0.0188461
1.8304 0 0 0 0.0190769
1.9019 0 0 0 0.019004
1.8891 0 0 0 0.0189986
1.9627 0 0 0 0.0189456
2.0202 0 0 0 0.0190145
2 0 0 0 0.0189936
1.9836 0 0 0 0.0192448
1.8964 0 0 0 0.0192945
1.8856 0 0 0 0.0193243
1.8347 0 0 0 0.0193232
1.8064 0 0 0 0.0192731
1.7588 0 0 0 0.0193907
1.8011 0 0 0 0.0193761
1.7367 0 0 0 0.0193988
1.7577 0 0 0 0.0194305
1.7489 0 0 0 0.0194517
1.7632 0 0 0 0.0194003
1.718 0 0 0 0.0194287
1.6833 0 0 0 0.0194405
1.6519 0 0 0 0.0194
1.6829 0 0 0 0.019398
1.6754 0 0 0 0.0193469
1.6257 0 0 0 0.0194
1.6684 0 0 0 0.0193865
1.7306 0 0 0 0.0194837
1.7304 0 0 0 0.0194757
1.7893 0 0 0 0.0194741
1.8512 0 0 0 0.0194528
1.9256 0 0 0 0.0194472
1.822 0 0 0 0.0194429
1.8839 0 0 0 0.0194129
1.8643 0 0 0 0.0194238
1.8684 0 0 0 0.0194137
1.8868 0 0 0 0.0194482
1.9373 0 0 0 0.0194296
1.9465 0 0 0 0.0194138
1.9716 0 0 0 0.0194208
1.9973 0 0 0 0.0194244
1.9828 0 0 0 0.0193918
2.023 0 0 0 0.0193785
1.9963 0 0 0 0.0194414
1.9913 0 0 0 0.0193903
1.9779 0 0 0 0.0193908
1.9469 0 0 0 0.0194183
1.9576 0 0 0 0.0194839
2.0652 0 0 0 0.0194225
2.0542 0 0 0 0.0193921
2.0799 0 0 0 0.0193569
1.9944 0 0 0 0.0193707
1.9078 0 0 0 0.0194104
1.8954 0 0 0 0.0193274
1.9427 0 0 0 0.0192872
1.8923 0 0 0 0.0193482
1.9117 0 0 0 0.0193685
1.9072 0 0 0 0.0193936
1.8287 0 0 0 0.0193316
1.8229 0 0 0 0.0194054
1.7977 0 0 0 0.0193904
1.7942 0 0 0 0.0194419
1.7613 0 0 0 0.0193974
1.7894 0 0 0 0.0194757
1.8386 0 0 0 0.0194389
1.835 0 0 0 0.019417
1.8793 0 0 0 0.0193102
1.848 0 0 0 0.0191841
1.9325 0 0 0 0.0190633
1.987 0 0 0 0.0189867
1.9828 0 0 0 0.0191246
2.0289 0 0 0 0.0190743
2.0329 0 0 0 0.0191112
2.0144 0 0 0 0.0190936
2.0391 0 0 0 0.0192247
2.0215 0 0 0 0.0192947
2.0817 0 0 0 0.0192683
2.1019 0 0 0 0.0192621
2.1397 0 0 0 0.0194258
2.2423 0 0 0 0.0194129
2.2043 0 0 0 0.0193578
2.1976 0 0 0 0.0193613
2.2242 0 0 0 0.0193169
2.2251 0 0 0 0.0193662
2.2396 0 0 0 0.0193761
2.3421 0 0 0 0.0193256
2.3565 0 0 0 0.0192929
2.323 0 0 0 0.0191951
2.3032 0 0 0 0.019178
2.3555 0 0 0 0.0192073
2.3773 0 0 0 0.0192169
2.3287 0 0 0 0.0192448
2.2957 0 0 0 0.0192493
2.3202 0 0 0 0.0192134
2.3384 0 0 0 0.0191923
2.3353 0 0 0 0.0191152
2.3741 0 0 0 0.0190561
2.2704 0 0 0 0.0190209
2.2394 0 0 0 0.0191865
2.1578 0 0 0 0.0192013
2.1016 0 0 0 0.0193433
2.0794 0 0 0 0.0193686
2.0374 0 0 0 0.019408
1.9882 0 0 0 0.019426
1.9656 0 0 0 0.0193167
2.0096 0 0 0 0.0192701
2.0411 0 0 0 0.0192937
2.0589 0 0 0 0.0192966
2.0609 0 0 0 0.0192893
2.006 0 0 0 0.0191444
2.0108 0 0 0 0.0192234
2.0076 0 0 0 0.0190904
1.9987 0 0 0 0.0190726
2.076 0 0 0 0.018936
1.9663 0 0 0 0.0189293
1.983 0 0 0 0.0190312
2.0854 0 0 0 0.0189853
2.0231 0 0 0 0.0191131
1.9639 0 0 0 0.0193037
1.9392 0 0 0 0.0192872
1.9104 0 0 0 0.0194063
2.0604 0 0 0 0.0194123
2.0911 0 0 0 0.0193385
2.0819 0 0 0 0.0192975
2.0895 0 0 0 0.0193002
2.0478 0 0 0 0.0192916
2.0745 0 0 0 0.0192687
2.0287 0 0 0 0.0192419
2.0001 0 0 0 0.0192857
1.9406 0 0 0 0.0193782
1.9964 0 0 0 0.0193872
1.9011 0 0 0 0.0193358
1.9764 0 0 0 0.0192723
2.0307 0 0 0 0.0192414
2.069 0 0 0 0.0192424
2.0746 0 0 0 0.0192241
2.0644 0 0 0 0.0191628
2.0445 0 0 0 0.0192153
2.1134 0 0 0 0.0193235
2.1541 0 0 0 0.019309
2.2021 0 0 0 0.0192766
2.1677 0 0 0 0.0192577
2.2287 0 0 0 0.0192482
2.2441 0 0 0 0.0192602
2.1272 0 0 0 0.0192775
2.1744 0 0 0 0.0193685
2.1749 0 0 0 0.0193251
2.1834 0 0 0 0.0192769
2.1738 0 0 0 0.0192037
2.1634 0 0 0 0.0192559
2.183 0 0 0 0.0191968
2.22 0 0 0 0.0192084
2.2509 0 0 0 0.0193424
2.193 0 0 0 0.0192726
2.1508 0 0 0 0.019211
2.1093 0 0 0 0.019238
2.0829 0 0 0 0.0192521
2.0916 0 0 0 0.0191837
2.1166 0 0 0 0.0192027
2.0966 0 0 0 0.0192172
2.1352 0 0 0 0.0192171
2.1195 0 0 0 0.0193292
2.0894 0 0 0 0.0193293
2.0653 0 0 0 0.0193283
2.078 0 0 0 0.0191567
2.1472 0 0 0 0.0190907
2.0937 0 0 0 0.0190017
2.0302 0 0 0 0.0190091
2.0461 0 0 0 0.0189975
2.0779 0 0 0 0.0191038
2.006 0 0 0 0.0191247
2.0502 0 0 0 0.0190595
