0 0 0 0 nan
0.0501 0 0 0 0.0197157
0.0955 0 0 0 0.0197501
0.146 0 0 0 0.0197535
0.1914 0 0 0 0.0197599
0.2419 0 0 0 0.0197654
0.2922 0 0 0 0.0197575
0.3326 0 0 0 0.0197549
0.3789 0 0 0 0.0197542
0.4336 0 0 0 0.0197551
0.4792 0 0 0 0.0197551
0.5405 0 0 0 0.019755
0.5863 0 0 0 0.019746
0.6341 0 0 0 0.0197461
0.6754 0 0 0 0.0197524
0.7279 0 0 0 0.0197555
0.7809 0 0 0 0.0197602
0.8408 0 0 0 0.0197606
0.8845 0 0 0 0.0197616
0.9437 0 0 0 0.019766
0.978 0 0 0 0.0197595
1.0221 0 0 0 0.019756
1.0566 0 0 0 0.0197553
1.0912 0 0 0 0.0197562
1.142 0 0 0 0.0197505
1.2013 0 0 0 0.0197499
1.2389 0 0 0 0.0197555
1.2744 0 0 0 0.0197512
1.3216 0 0 0 0.019751
1.3812 0 0 0 0.0197506
1.4331 0 0 0 0.0197449
1.4705 0 0 0 0.01975
1.5149 0 0 0 0.0197393
1.5726 0 0 0 0.0197439
1.5975 0 0 0 0.0197455
1.6442 0 0 0 0.0197423
1.702 0 0 0 0.0197422
1.7567 0 0 0 0.0197403
1.7995 0 0 0 0.0197307
1.8316 0 0 0 0.019738
1.8892 0 0 0 0.0197333
1.9277 0 0 0 0.0197287
1.9433 0 0 0 0.0197251
1.9993 0 0 0 0.0197202
2.0541 0 0 0 0.0197213
2.1015 0 0 0 0.019709
2.1093 0 0 0 0.0197004
2.124 0 0 0 0.0197016
2.1706 0 0 0 0.0196984
2.2083 0 0 0 0.0196899
2.2572 0 0 0 0.0196976
2.3196 0 0 0 0.0196955
2.3505 0 0 0 0.0196905
2.3805 0 0 0 0.0196913
2.4251 0 0 0 0.0196834
2.4674 0 0 0 0.0196719
2.5191 0 0 0 0.0196601
2.5424 0 0 0 0.0196306
2.5683 0 0 0 0.0196278
2.593 0 0 0 0.0196416
2.6345 0 0 0 0.0196205
2.6776 0 0 0 0.0196306
2.7202 0 0 0 0.0196227
2.7854 0 0 0 0.0196025
2.8421 0 0 0 0.0196152
2.9225 0 0 0 0.0196193
2.9536 0 0 0 0.01961
3.0012 0 0 0 0.0196097
3.0303 0 0 0 0.0196243
3.07 0 0 0 0.0196036
3.129 0 0 0 0.0195898
3.1657 0 0 0 0.0195782
3.2203 0 0 0 0.0195468
3.283 0 0 0 0.0195192
3.3185 0 0 0 0.0194714
3.3792 0 0 0 0.0193763
3.4172 0 0 0 0.0193876
3.4572 0 0 0 0.0193419
3.5091 0 0 0 0.0192892
3.5455 0 0 0 0.0193186
3.5575 0 0 0 0.0193982
3.6212 0 0 0 0.0194348
3.7091 0 0 0 0.0194003
3.7668 0 0 0 0.0193626
3.7844 0 0 0 0.0193382
3.8392 0 0 0 0.0193605
3.872 0 0 0 0.0193853
3.9038 0 0 0 0.0193852
3.9701 0 0 0 0.0193434
4.0147 0 0 0 0.0192736
4.0426 0 0 0 0.0192243
4.0753 0 0 0 0.0192077
4.0951 0 0 0 0.0192104
4.1831 0 0 0 0.0192848
4.2245 0 0 0 0.019245
4.2248 0 0 0 0.0192473
4.2324 0 0 0 0.0192417
4.2843 0 0 0 0.0192464
4.3334 0 0 0 0.0192486
4.3571 0 0 0 0.0192361
4.381 0 0 0 0.0192031
4.4436 0 0 0 0.0191495
4.484 0 0 0 0.0190611
4.5095 0 0 0 0.019071
4.5292 0 0 0 0.0190684
4.6012 0 0 0 0.0190651
4.6589 0 0 0 0.0190491
4.7299 0 0 0 0.0190147
4.7817 0 0 0 0.0188812
4.8019 0 0 0 0.0187368
4.8698 0 0 0 0.0185691
4.8836 0 0 0 0.0186477
4.9142 0 0 0 0.0187261
4.9581 0 0 0 0.0187865
4.9925 0 0 0 0.0186291
5.069 0 0 0 0.0186226
5.0758 0 0 0 0.0185785
5.1194 0 0 0 0.0184562
5.1526 0 0 0 0.018427
5.1827 0 0 0 0.0184409
5.2037 0 0 0 0.0182285
5.2311 0 0 0 0.0181455
5.2667 0 0 0 0.0181553
5.2458 0 0 0 0.0180268
5.2615 0 0 0 0.0177703
5.2835 0 0 0 0.0174793
5.3446 0 0 0 0.0176561
5.3675 0 0 0 0.0173848
5.3879 0 0 0 0.0172162
5.4473 0 0 0 0.0169182
5.4872 0 0 0 0.0164898
5.5446 0 0 0 0.016642
5.6081 0 0 0 0.0166897
5.6454 0 0 0 0.0167487
5.6896 0 0 0 0.017084
5.7227 0 0 0 0.0165787
5.7424 0 0 0 0.0172517
5.7796 0 0 0 0.0170431
5.8215 0 0 0 0.016955
5.8494 0 0 0 0.0170984
5.9243 0 0 0 0.0170528
5.9599 0 0 0 0.0170294
5.9923 0 0 0 0.0171166
6.0246 0 0 0 0.0172761
6.0609 0 0 0 0.0167231
6.0981 0 0 0 0.0170092
6.0958 0 0 0 0.0167995
6.1444 0 0 0 0.0165625
6.1326 0 0 0 0.0166284
6.1606 0 0 0 0.0158364
6.1746 0 0 0 0.0160906
6.2471 0 0 0 0.0165441
6.2877 0 0 0 0.0166198
6.3048 0 0 0 0.0162822
6.3085 0 0 0 0.0164937
6.3488 0 0 0 0.016849
6.3092 0 0 0 0.0168141
6.3547 0 0 0 0.0165388
6.3835 0 0 0 0.0163265
6.432 0 0 0 0.0161815
6.4669 0 0 0 0.0159549
6.5041 0 0 0 0.0159387
6.5438 0 0 0 0.0157274
6.5792 0 0 0 0.0151085
6.6017 0 0 0 0.0154427
6.6237 0 0 0 0.0155954
6.6483 1 0 0.0154576 0.0354341
6.6432 0 0 0 0.0153914
6.7014 0 0 0 0.0153771
6.7408 0 0 0 0.0149967
6.7567 0 0 0 0.014742
6.8392 0 0 0 0.0143798
6.9359 0 0 0 0.0139654
6.9354 0 0 0 0.0130637
6.8941 1 0 0.0124036 0.0348243
6.9759 1 0 0.0132136 0.0355245
6.9999 1 0 0.0141942 0.0354666
7.0711 1 0 0.014263 0.0355249
7.1078 1 0 0.0142516 0.0352965
7.1517 1 0 0.0128444 0.0348209
7.212 1 0 0.012992 0.0348549
7.2772 1 0 0.0139506 0.0343351
7.3182 1 0 0.0123438 0.0346172
7.3886 1 0 0.0112245 0.0347057
7.4487 1 0 0.01 0.0342117
7.4874 1 0 0.00877551 0.0342479
7.5354 1 0 0.00265306 0.0342567
7.5354 1 0 0.00531856 0.0343291
7.6072 1 0 0.00802469 0.0334374
7.6531 1 0 0.00888889 0.0336538
7.734 1 0 0.00330579 0.0330789
7.7939 1 0 0.00888889 0.0325152
7.7869 1 0 0.00555556 0.0312598
7.7985 1 0 0.01 0.0304207
7.8256 1 0 0.0096 0.0307781
7.8203 1 0 0.0064 0.0302601
7.8664 1 0 0.00555556 0.0299048
7.9036 1 0 0.00555556 0.0277283
7.8606 1 0 0 0.0277968
7.8381 1 0 0 0.0291479
7.8891 1 0 0 0.0299108
7.9355 1 0 0 0.0272096
7.9673 1 0 0 0.0257825
7.9748 1 0 0 0.026036
8.0049 1 0 0 0.0262618
8.0382 1 0 0 0.0273192
8.0477 1 0 0 0.0255782
8.0846 1 0 0 0.0243111
8.1421 1 0 0 0.0253421
8.211 1 0 0 0.0228099
8.2593 1 0 0 0.0185796
8.2454 2 0 0.0211342 0.0497922
8.2449 2 0 0.0225641 0.0496098
8.275 2 0 0.0195752 0.0489203
8.3358 2 0 0.020275 0.0494663
8.3488 2 0 0.0235588 0.0498785
8.4058 2 0 0.0267764 0.0499239
8.4396 2 0 0.0261111 0.050231
8.4014 2 0 0.025941 0.0492872
8.4547 2 0 0.0253125 0.0474133
8.5229 2 0 0.0244898 0.0476115
8.5281 2 0 0.0205698 0.0451563
8.5604 2 0 0.0187302 0.0415119
8.6558 2 0 0.0220386 0.0449912
8.6986 2 0 0.0212245 0.0472791
8.7006 2 0 0.0235294 0.047725
8.7416 2 0 0.0215609 0.0474768
8.7627 2 0 0.0221333 0.0472086
8.8024 2 0 0.0198222 0.0473389
8.8338 2 0 0.0214201 0.0466139
8.9214 2 0 0.0229592 0.0453863
8.9571 2 0 0.0234667 0.0434393
8.95 2 0 0.0207612 0.0402474
8.9925 2 0 0.0172853 0.0400693
9.0078 1 0 0 0.0101587
9.0617 1 0 0 0.00347107
9.0595 1 0 0 0
9.134 2 0 0 0.0354419
9.1639 2 0 0 0.0393348
9.22 2 0 0 0.0390151
9.2654 2 0 0 0.037764
9.2746 2 0 0 0.038855
9.294 2 0 0 0.0390531
9.3249 2 0 0 0.0396202
9.2916 2 0 0 0.0399833
9.2956 2 0 0 0.039325
9.3655 2 0 0 0.0386852
9.3719 2 0 0 0.0411983
9.3733 2 0 0 0.0419
9.429 2 0 0 0.0421484
9.4506 2 0 0 0.039737
9.5213 2 0 0 0.039
9.5587 2 0 0 0.0386612
9.5757 2 0 0 0.038825
9.6355 2 0 0 0.0392734
9.7152 2 0 0 0.0395429
9.7385 2 0 0 0.0386719
9.7617 2 0 0 0.0379321
9.8108 2 0 0 0.0291493
9.8317 2 0 0 0.0261157
9.867 2 0 0 0.0157093
9.8832 2 0 0 0.0261505
9.9179 2 0 0 0.0294558
9.9313 2 0 0 0.0285822
9.9791 2 0 0 0.0260392
10.0375 2 0 0 0.0270153
10.0677 2 0 0 0.0345536
10.1178 2 0 0 0.039308
10.1601 3 0 0.0397722 0.0602857
10.2154 3 0 0.0410538 0.0594727
10.2404 3 0 0.0424808 0.0609959
10.252 3 0 0.0430189 0.0617144
10.3066 3 0 0.0414583 0.0611243
10.3193 3 0 0.0408471 0.0617063
10.3751 3 0 0.0396735 0.0603855
10.4221 3 0 0.041472 0.0595384
10.4577 3 0 0.0397279 0.0592207
10.5545 3 0 0.0340136 0.0585757
10.5749 3 0 0.040692 0.0608163
10.6051 3 0 0.0431834 0.0594987
10.6693 3 0 0.043584 0.0573633
10.6959 3 0 0.043392 0.0550779
10.7395 3 0 0.0388757 0.0564888
10.74 3 0 0.0369231 0.0559016
10.8068 3 0 0.033241 0.056846
10.8464 3 0 0.0207407 0.0583951
10.8949 3 0 0.0255621 0.0578563
10.9316 3 0 0.0288 0.0592263
10.9504 3 0 0.0266667 0.0579017
10.9805 3 0 0 0.0558678
10.9686 3 0 0 0.055367
10.997 3 0 0 0.0574293
11.0425 3 0 0 0.0565935
11.0409 3 0 0.0166667 0.0522176
11.0466 3 0 0.0166667 0.0551085
11.0887 3 0 0.0342857 0.0547645
11.0773 3 0 0.0288 0.0504096
11.1006 3 0 0.03 0.0526391
11.104 3 0 0.0266667 0.0556333
11.1464 3 0 0.028125 0.0518772
11.1839 3 0 0.03 0.0524444
11.1548 3 0 0.0288 0.0549228
11.1813 3 0 0.0266667 0.0539837
11.2029 3 0 0.0225 0.0542768
11.1723 3 0 0.0225 0.0466118
11.155 3 0 0 0.0489158
11.1405 3 0 0 0.0489282
11.1682 3 0 0 0.0486062
11.2045 3 0 0 0.0505625
11.2414 3 0 0 0.0549732
11.2375 3 0 0 0.0542122
11.2339 3 0 0 0.0514984
11.2581 3 0 0 0.0496568
11.2728 3 0 0 0.0510859
11.3565 3 0 0 0.0525115
11.3843 3 0 0 0.0510355
11.4623 3 0 0 0.0420552
11.4513 3 0 0 0.0339753
11.4714 3 0 0 0.0315235
11.4665 3 0 0 0.0272917
11.513 3 0 0 0.030716
11.4456 3 0 0 0.0197751
11.4545 3 0 0 0.0207334
11.4294 3 0 0 0.0184699
11.4525 4 0 0.018752 0.0680694
11.5032 4 0 0.0227393 0.0682821
11.485 4 0 0.0271714 0.0680613
11.5484 4 0 0.0181213 0.0690027
11.5285 4 0 0.0143112 0.0652982
11.5364 4 0 0.0132908 0.0663893
11.5292 3 0 0 0.0113989
11.5062 4 0 0.0142772 0.0606344
11.5457 4 0 0.0141482 0.058948
11.5505 4 0 0.00845432 0.0585423
11.543 4 0 0.00900408 0.0571603
11.6031 4 0 0.00834961 0.0560054
11.6187 4 0 0.007296 0.0576977
11.6821 4 0 0.00809993 0.0577355
11.7068 4 0 0.00962539 0.0569075
11.7141 4 0 0.00928889 0.0567578
11.7482 4 0 0.00978232 0.0534992
11.7334 4 0 0.0098892 0.0519161
11.7203 4 0 0.0099927 0.0456618
11.7304 4 0 0.00991289 0.0495222
11.7378 4 0 0.01 0.0518712
11.7468 4 0 0.01 0.0493831
11.77 4 0 0.00999307 0.0463684
11.7911 4 0 0.00953479 0.044705
11.7814 4 0 0.00994083 0.0474968
11.8316 4 0 0.00981161 0.0431062
11.9088 4 0 0.0168707 0.0380526
11.9326 4 0 0.0151433 0.0380033
12.0176 4 0 0.00949011 0.0380887
12.0284 4 0 0.00973985 0.0355624
12.0648 4 0 0.00984375 0.0352166
12.0897 4 0 0.00979592 0.034888
12.1407 4 0 0.0139645 0.0336828
12.1375 4 0 0.0162 0.0340741
12.2261 4 0 0.0162 0.0336741
12.2412 4 0 0.00330579 0.0321265
12.278 4 0 0 0.032836
12.2765 4 0 0 0.0322604
12.2468 4 0 0 0.0325656
12.2888 4 0 0 0.0315944
12.3015 4 0 0 0.032211
12.3442 4 0 0 0.0314711
12.3613 4 0 0 0.030408
12.3638 4 0 0 0.0286736
12.3607 4 0 0 0.0289709
12.3154 4 0 0 0.0258135
12.3207 4 0 0 0.0243926
12.3503 4 0 0 0.0265503
12.3864 4 0 0 0.0261139
12.442 4 0 0 0.0287556
12.4612 4 0 0 0.0293817
12.5047 4 0 0 0.0276639
12.4779 4 0 0 0.0273765
12.5129 4 0 0 0.0254375
12.5174 4 0 0 0.0219503
12.545 4 0 0 0.0213064
12.5519 4 0 0 0.0204402
12.5527 4 0 0 0.0204428
12.5541 4 0 0 0.0203507
12.5587 4 0 0 0.0205539
12.592 3 0 0 0
12.5789 3 0 0 0
12.606 3 0 0 0.00489796
12.638 3 0 0 0
12.623 3 0 0 0
12.5865 3 0 0 0
12.5562 3 0 0 0
12.5687 3 0 0 0
12.5421 3 0 0 0.00234375
12.6127 3 0 0 0.004375
12.62 3 0 0 0.013535
12.6531 3 0 0 0.0175694
12.7311 3 0 0 0.0169376
12.7556 3 0 0 0.0155125
12.7993 3 0 0 0.0188444
12.8121 3 0 0 0.0137
12.8288 3 0 0 0.0098
12.8299 3 0 0 0.0098
12.8286 3 0 0 0.0119668
12.8639 3 0 0 0.0157476
12.8975 3 0 0 0.0179786
12.9069 3 0 0 0.0204082
12.9436 3 0 0 0.0182553
13.0414 3 0 0 0.0177778
13.1019 3 0 0 0.013248
13.0778 3 0 0 0.00937716
13.0874 3 0 0 0.00265306
13.0508 3 0 0 0.000999343
13.1267 3 0 0 0.00142661
13.1627 3 0 0 0.00221453
13.2272 3 0 0 0.00224913
13.2655 3 0 0 0.00414694
13.3308 3 0 0 0.004352
