0 0 0 0 nan
0.0501 0 0 0 0.0197176
0.0909 0 0 0 0.0197437
0.1374 0 0 0 0.0197509
0.1839 0 0 0 0.0197516
0.2343 0 0 0 0.0197529
0.2851 0 0 0 0.0197527
0.3335 0 0 0 0.0197534
0.3797 0 0 0 0.0197584
0.4347 0 0 0 0.0197628
0.4796 0 0 0 0.0197594
0.5267 0 0 0 0.0197549
0.5742 0 0 0 0.0197524
0.612 0 0 0 0.019751
0.6493 0 0 0 0.0197467
0.7071 0 0 0 0.0197522
0.748 0 0 0 0.0197548
0.799 0 0 0 0.019748
0.8457 0 0 0 0.0197445
0.8908 0 0 0 0.0197523
0.9409 0 0 0 0.019748
0.9984 0 0 0 0.0197555
1.0256 0 0 0 0.0197544
1.0677 0 0 0 0.019755
1.1183 0 0 0 0.0197607
1.1555 0 0 0 0.0197557
1.1908 0 0 0 0.0197553
1.2509 0 0 0 0.0197523
1.2853 0 0 0 0.0197466
1.331 0 0 0 0.0197479
1.3676 0 0 0 0.0197437
1.4155 0 0 0 0.0197463
1.4526 0 0 0 0.0197464
1.4956 0 0 0 0.0197393
1.5579 0 0 0 0.0197463
1.6063 0 0 0 0.0197342
1.64 0 0 0 0.0197362
1.6932 0 0 0 0.0197346
1.7576 0 0 0 0.0197377
1.7995 0 0 0 0.0197338
1.8603 0 0 0 0.0197329
1.9109 0 0 0 0.0197353
1.9547 0 0 0 0.0197268
1.9984 0 0 0 0.0197262
2.056 0 0 0 0.0197265
2.0889 0 0 0 0.0197235
2.1107 0 0 0 0.0197173
2.1489 0 0 0 0.0197081
2.2086 0 0 0 0.0197082
2.2568 0 0 0 0.0197036
2.3069 0 0 0 0.0196959
2.3478 0 0 0 0.0196787
2.3866 0 0 0 0.0196746
2.4375 0 0 0 0.0196643
2.5 0 0 0 0.0196586
2.5446 0 0 0 0.0196479
2.58 0 0 0 0.0196511
2.6067 0 0 0 0.0196711
2.6586 0 0 0 0.0196685
2.7098 0 0 0 0.0196601
2.777 0 0 0 0.0196651
2.8041 0 0 0 0.0196524
2.8326 0 0 0 0.019635
2.8701 0 0 0 0.0196107
2.9309 0 0 0 0.0196113
2.9749 0 0 0 0.0195959
3.0153 0 0 0 0.0195969
3.0563 0 0 0 0.0196026
3.0972 0 0 0 0.0195964
3.1714 0 0 0 0.0195948
3.1948 0 0 0 0.019588
3.2427 0 0 0 0.0195764
3.2515 0 0 0 0.0195714
3.2792 0 0 0 0.0195364
3.3096 0 0 0 0.0195317
3.3617 0 0 0 0.0194737
3.3894 0 0 0 0.0194294
3.407 0 0 0 0.0193836
3.4648 0 0 0 0.019358
3.5071 0 0 0 0.0193507
3.5769 0 0 0 0.0192861
3.6056 0 0 0 0.0192991
3.6355 0 0 0 0.0192789
3.6563 0 0 0 0.0192799
3.685 0 0 0 0.0192467
3.7297 0 0 0 0.0192
3.7804 0 0 0 0.019195
3.8362 0 0 0 0.0191029
3.8824 0 0 0 0.0190648
3.9136 0 0 0 0.0190188
3.9238 0 0 0 0.0190187
3.9597 0 0 0 0.0190923
4.0416 0 0 0 0.0190533
4.055 0 0 0 0.0190763
4.0921 0 0 0 0.0190715
4.1092 0 0 0 0.019045
4.1462 0 0 0 0.0191125
4.1895 0 0 0 0.0191257
4.2702 0 0 0 0.0190436
4.2953 0 0 0 0.0191196
4.3655 0 0 0 0.0190831
4.4209 0 0 0 0.0190364
4.4763 0 0 0 0.0189727
4.4745 0 0 0 0.018996
4.4796 0 0 0 0.0189196
4.4974 0 0 0 0.0186357
4.5258 0 0 0 0.0187682
4.5749 0 0 0 0.0187263
4.6479 0 0 0 0.0187636
4.6607 0 0 0 0.0187321
4.6884 0 0 0 0.0186195
4.7014 0 0 0 0.0187086
4.754 0 0 0 0.0187197
4.7917 0 0 0 0.018573
4.8471 0 0 0 0.0187067
4.8506 0 0 0 0.0188938
4.8857 0 0 0 0.0188399
4.9192 0 0 0 0.0188182
4.9644 0 0 0 0.0187788
5.0008 0 0 0 0.0187215
5.0673 0 0 0 0.0186932
5.0983 0 0 0 0.0186356
5.1233 0 0 0 0.0186633
5.1322 0 0 0 0.0186496
5.168 0 0 0 0.0186245
5.2046 0 0 0 0.0185315
5.2122 0 0 0 0.0182921
5.2055 0 0 0 0.0182675
5.2552 0 0 0 0.0182123
5.2997 0 0 0 0.0181884
5.3163 0 0 0 0.0181472
5.3266 0 0 0 0.018238
5.3924 0 0 0 0.0180085
5.4431 0 0 0 0.0178372
5.4985 0 0 0 0.0178237
5.5094 0 0 0 0.0179699
5.5451 0 0 0 0.0179191
5.5854 0 0 0 0.0176506
5.6085 0 0 0 0.0164015
5.6334 0 0 0 0.0165443
5.6906 0 0 0 0.0162426
5.7464 0 0 0 0.0154858
5.7931 0 0 0 0.0152672
5.8206 0 0 0 0.0144213
5.8408 0 0 0 0.0144897
5.945 1 0 0.014349 0.0356937
5.966 1 0 0.0141498 0.0353476
5.9814 1 0 0.0149461 0.0353059
6.0132 1 0 0.0151315 0.0354492
6.0439 1 0 0.0144898 0.0356591
6.0939 1 0 0.0142041 0.0351394
6.1042 1 0 0.0148655 0.0348392
6.1285 1 0 0.0140997 0.0351455
6.1878 1 0 0.0136889 0.0349984
6.2289 1 0 0.0121453 0.0349273
6.2361 1 0 0.011849 0.0348967
6.3014 1 0 0.0112305 0.0347042
6.3676 1 0 0.0113393 0.0345034
6.4293 1 0 0.0108086 0.0340857
6.5263 1 0 0.011288 0.033919
6.6166 1 0 0.0100521 0.0333298
6.6264 1 0 0.010329 0.0333727
6.6352 1 0 0.0103698 0.0331357
6.7275 1 0 0.010475 0.0329645
6.7284 1 0 0.0115522 0.0322003
6.7633 1 0 0.0119922 0.032597
6.8033 1 0 0.0119031 0.0324229
6.824 1 0 0.0119031 0.0330057
6.9154 1 0 0.0112247 0.0330099
6.9243 1 0 0.0108264 0.032571
6.9649 1 0 0.0117284 0.032634
7.008 1 0 0.0124691 0.0321832
7.0288 1 0 0.0126984 0.0319075
7.0634 1 0 0.0128544 0.0321809
7.1097 1 0 0.0120139 0.031813
7.1775 1 0 0.011875 0.0316989
7.2091 1 0 0.00991736 0.0312886
7.2683 1 0 0.0092562 0.0309552
7.2992 1 0 0.01 0.0311389
7.327 1 0 0.00968858 0.0313243
7.3532 1 0 0.00859375 0.0315686
7.4078 1 0 0.00972222 0.0315927
7.4787 1 0 0.00489796 0.0310415
7.507 1 0 0 0.0311208
7.5406 1 0 0 0.0311306
7.5368 1 0 0 0.0311955
7.5043 2 0 0.0312512 0.0513042
7.557 2 0 0.0310969 0.0520651
7.5711 2 0 0.0309228 0.0521
7.6108 2 0 0.0303667 0.0521071
7.6644 2 0 0.0307271 0.0512121
7.696 2 0 0.0310828 0.0502233
7.7751 2 0 0.0305609 0.0502554
7.869 2 0 0.0309889 0.0487024
7.9256 2 0 0.0308839 0.0488053
7.9871 2 0 0.0308564 0.0488398
8.0366 2 0 0.0294053 0.0488502
8.0826 2 0 0.0286704 0.0483603
8.051 2 0 0.0272978 0.0485965
8.095 2 0 0.0272444 0.0489263
8.1495 2 0 0.0267111 0.0486042
8.1769 2 0 0.0250781 0.0497299
8.2217 2 0 0.0233884 0.0502333
8.2517 2 0 0.0167 0.0516559
8.2909 2 0 0.0144 0.051319
8.3184 2 0 0.018125 0.0510575
8.3595 2 0 0.0174222 0.0513004
8.4041 2 0 0.0168 0.0511975
8.4295 2 0 0.0119008 0.0506464
8.4698 2 0 0.0128 0.0493168
8.5246 2 0 0 0.0490851
8.5643 2 0 0 0.0496657
8.5646 2 0 0 0.0495408
8.569 2 0 0 0.0494908
8.5896 2 0 0 0.0490695
8.6282 2 0 0 0.0488803
8.6608 3 0 0.0494585 0.0713358
8.6782 3 0 0.0496832 0.0714828
8.673 3 0 0.0498286 0.0708296
8.7157 3 0 0.0488064 0.0704589
8.7755 3 0 0.0488783 0.069884
8.841 3 0 0.0473878 0.0700682
8.9032 3 0 0.0477465 0.0702145
8.9774 3 0 0.0454459 0.0690492
8.9905 3 0 0.0445786 0.069529
9.0557 3 0 0.0453685 0.0690552
9.1056 3 0 0.0450883 0.0686611
9.1376 3 0 0.0436448 0.0687713
9.1582 3 0 0.0431634 0.0683322
9.1807 3 0 0.043472 0.0682299
9.2205 3 0 0.0442667 0.067871
9.2943 3 0 0.04488 0.0688246
9.2989 3 0 0.0461437 0.068658
9.3744 3 0 0.0435479 0.0687282
9.3625 3 0 0.0395652 0.068564
9.398 3 0 0.0412612 0.0667767
9.4348 3 0 0.0378671 0.0666121
9.4541 3 0 0.0380729 0.0668417
9.4646 3 0 0.0324174 0.0672255
9.4617 3 0 0.021525 0.0672171
9.511 3 0 0.015034 0.0668941
9.5164 3 0 0.0172401 0.0662539
9.549 3 0 0.013125 0.0653874
9.5888 3 0 0.0159557 0.0645291
9.5603 3 0 0 0.0648013
9.6 3 0 0 0.0648812
9.5814 3 0 0 0.0663447
9.5656 3 0 0 0.0658619
9.5987 3 0 0 0.0658433
9.6046 3 0 0 0.0650213
9.6731 3 0 0 0.0656179
9.6862 3 0 0 0.0660303
9.7326 3 0 0 0.066705
9.7752 3 0 0 0.0665765
9.7705 3 0 0 0.066322
9.8 3 0 0 0.0664018
9.8517 3 0 0 0.0657347
9.8589 3 0 0 0.0653997
9.942 3 0 0 0.0649826
9.9538 3 0 0 0.0631749
10.0138 3 0 0 0.0636597
10.0444 3 0 0 0.0623107
10.1394 3 0 0 0.0571262
10.1521 3 0 0 0.0590256
10.1515 4 0 0.0587568 0.0863079
10.1901 4 0 0.0572481 0.0863626
10.2358 4 0 0.0558624 0.0862821
10.2694 4 0 0.0502273 0.0861186
10.2957 4 0 0.051467 0.0856867
10.3093 4 0 0.050919 0.0851272
10.3427 4 0 0.0518873 0.084642
10.3311 4 0 0.0538374 0.085341
10.36 4 0 0.052255 0.0848422
10.399 4 0 0.0523251 0.085368
10.428 4 0 0.0501421 0.0847675
10.4004 4 0 0.0481871 0.0839787
10.4369 4 0 0.045568 0.0840552
10.4555 4 0 0.0427841 0.0838285
10.4934 4 0 0.0294522 0.0809717
10.4694 4 0 0.0406222 0.0803205
10.5006 4 0 0.0369231 0.0804094
10.5417 4 0 0.0297222 0.0800461
10.6174 4 0 0.0352355 0.0796653
10.6128 4 0 0.0355556 0.0813205
10.6358 4 0 0.0396694 0.0814556
10.6567 4 0 0.0398616 0.0813111
10.6949 4 0 0.0397633 0.0805525
10.7254 4 0 0.0384 0.0791607
10.7623 4 0 0.0396694 0.0783243
10.8433 4 0 0.0367347 0.0777568
10.8839 4 0 0.0367347 0.0800228
10.9692 4 0 0.0370248 0.0769846
10.9908 4 0 0 0.0797373
11.0284 4 0 0 0.0800071
11.0478 4 0 0 0.0809275
11.155 5 0 0.0794608 0.0983089
11.1901 5 0 0.0779551 0.0975245
11.2631 5 0 0.0781988 0.0982616
11.2698 5 0 0.0760816 0.0975477
11.3385 5 0 0.0746373 0.095836
11.3412 5 0 0.070594 0.096189
11.3388 5 0 0.0704191 0.0955035
11.3652 5 0 0.064186 0.0947378
11.3789 5 0 0.067375 0.0957049
11.4361 5 0 0.0628271 0.0964563
11.4489 5 0 0.0611779 0.0963336
11.4677 5 0 0.0581224 0.0957154
11.4677 5 0 0.040625 0.0965823
11.526 5 0 0.0467867 0.0952703
11.5781 5 0 0.0456542 0.0939572
11.6167 5 0 0.0378172 0.0933799
11.6596 5 0 0.0437574 0.0938366
11.6914 5 0 0.0429861 0.0917962
11.7626 5 0 0.0365398 0.0929671
11.7885 5 0 0.0396694 0.0927209
11.8346 5 0 0.04 0.0922479
11.8497 5 0 0.0388889 0.0915638
11.8727 5 0 0.0384 0.0916674
11.8725 5 0 0.0355556 0.0898409
11.8661 5 0 0.0397633 0.0875241
11.8944 5 0 0.039375 0.0886974
11.903 5 0 0.0340828 0.0905181
11.8741 5 0 0.0391837 0.0888525
11.9377 5 0 0.0398222 0.0906695
12.0018 5 0 0.0391837 0.0887482
12.0126 5 0 0.03 0.0887962
12.0552 5 0 0.0391837 0.0887663
12.1313 5 0 0.04 0.0895835
12.1701 5 0 0.0256 0.0876148
12.1565 5 0 0 0.0848416
12.1745 5 0 0 0.0795683
12.1871 5 0 0 0.0817513
12.2062 5 0 0 0.0851279
12.2947 5 0 0 0.0848743
12.3209 5 0 0 0.0833986
12.3619 5 0 0 0.0774908
12.4182 5 0 0 0.0764238
12.4619 5 0 0 0.076488
12.5113 5 0 0 0.0747082
12.5437 5 0 0 0.0725046
12.5592 5 0 0 0.0721351
12.6092 5 0 0 0.0677951
12.6276 6 0 0.0641836 0.105635
12.692 6 0 0.0656525 0.106673
12.7571 6 0 0.0606388 0.107882
12.7996 6 0 0.0642969 0.107378
12.7883 6 0 0.0612309 0.10697
12.8242 6 0 0.0754734 0.104395
12.8448 6 0 0.0703214 0.104951
12.8803 6 0 0.0736 0.10193
12.8978 6 0 0.0698437 0.0979742
12.9177 6 0 0.0725019 0.0994375
12.9162 6 0 0.0731986 0.102086
12.9688 6 0 0.0713032 0.103886
12.9792 6 0 0.0709541 0.104298
12.9613 6 0 0.0718622 0.103245
12.9936 6 0 0.0723926 0.105163
13.0384 6 0 0.0715661 0.105215
13.0616 6 0 0.0724237 0.105698
13.1146 6 0 0.0720046 0.105874
13.1589 6 0 0.0689209 0.105109
13.2119 6 0 0.0711284 0.106273
13.2529 6 0 0.0685227 0.107814
13.2303 6 0 0.0709679 0.107314
13.2443 6 0 0.064313 0.107502
13.2587 6 0 0.0626309 0.108086
13.284 6 0 0.0624479 0.108521
13.2955 6 0 0.0616257 0.10829
13.33 6 0 0.063776 0.108048
13.3577 6 0 0.058153 0.106696
13.4241 6 0 0.0642708 0.107791
13.4964 6 0 0.0633218 0.108022
13.5637 6 0 0.065641 0.108264
13.5828 6 0 0.06705 0.105864
13.631 6 0 0.0708844 0.107646
13.6522 6 0 0.0742455 0.105541
13.7264 6 0 0.0658953 0.104375
13.7526 6 0 0.0579614 0.104893
13.8345 6 0 0.063744 0.106569
13.8713 6 0 0.070272 0.106644
13.9253 6 0 0.069888 0.105831
13.9789 6 0 0.0581315 0.107362
14.0016 6 0 0.0598338 0.106308
14.0227 6 0 0.0580165 0.103235
14.0725 6 0 0.05625 0.106656
14.0838 6 0 0.049827 0.105946
14.1073 6 0 0.0533333 0.102809
14.1522 6 0 0.045 0.103142
14.1849 6 0 0.0312426 0.105777
14.2034 6 0 0.0431834 0.103313
14.221 6 0 0.0511243 0.0988536
14.2767 6 0 0.05625 0.0983385
14.3607 6 0 0.0469333 0.0992417
14.4002 6 0 0.0384 0.0990922
14.3913 6 0 0.0476033 0.0994156
14.4616 6 0 0.045 0.0988453
14.5598 6 0 0.0170414 0.0999509
14.576 6 0 0.0469333 0.0979018
14.5773 6 0 0.0597333 0.0977957
14.6271 6 0 0.0594 0.0990197
14.6526 6 0 0.0533333 0.0952439
14.7688 6 0 0.0583333 0.0937245
14.7839 6 0 0.0533333 0.091219
14.7902 6 0 0 0.0918131
14.7687 6 0 0 0.082223
14.868 6 0 0 0.0795448
14.9646 6 0 0 0.068921
14.9885 6 0 0 0.0790437
15.0096 7 0 0.0792181 0.117269
14.9801 7 0 0.0813361 0.119051
14.9589 7 0 0.0810156 0.119178
14.9866 7 0 0.0753012 0.115074
15.0381 7 0 0.0658594 0.114183
15.0786 7 0 0.0737878 0.117689
15.0751 7 0 0.0840175 0.118366
15.0766 7 0 0.0772481 0.118839
15.1091 7 0 0.0747842 0.120425
15.0912 7 0 0.0781488 0.120006
15.1159 7 0 0.0865237 0.116739
15.1726 7 0 0.086558 0.117293
15.1782 7 0 0.0798041 0.114857
15.2278 7 0 0.0806838 0.111003
15.2948 7 0 0.0621696 0.107587
15.2488 7 0 0.07 0.11083
15.2525 7 0 0.0732287 0.108694
15.2337 7 0 0.0772016 0.104411
15.2064 7 0 0.0779563 0.105287
15.2407 7 0 0.0764053 0.111035
15.2999 7 0 0.0757143 0.114141
15.4021 7 0 0.07138 0.11117
15.3988 7 0 0.0737996 0.113067
15.4467 7 0 0.077921 0.108343
15.4392 7 0 0.079216 0.102693
15.4997 7 0 0.078281 0.10826
15.4747 7 0 0.0786006 0.11
15.5387 7 0 0.0784857 0.112314
15.5604 7 0 0.0754571 0.1136
15.5734 7 0 0.0764307 0.115621
15.5634 7 0 0.0758914 0.117504
15.6088 7 0 0.0693228 0.112979
15.638 7 0 0.0757099 0.110431
15.6406 7 0 0.0794173 0.105538
15.6805 7 0 0.0755363 0.106433
15.7242 7 0 0.07239 0.103221
15.768 7 0 0.074673 0.103835
15.7775 7 0 0.0725391 0.101662
15.7828 7 0 0.0697784 0.0992184
15.7848 7 0 0.0721046 0.0993387
15.8064 7 0 0.0684298 0.100756
15.825 7 0 0.07 0.0962085
15.8548 7 0 0.0725 0.098877
15.8745 7 0 0.071405 0.0899984
15.9062 7 0 0.077398 0.0893333
15.9565 7 0 0.074496 0.0890646
15.9719 7 0 0.0716529 0.0914682
15.9561 7 0 0.0635161 0.0888613
15.993 7 0 0.0637 0.0939126
16.0398 7 0 0.0689063 0.0946935
16.0279 7 0 0.0483951 0.0752438
16.0598 7 0 0.0231405 0.0579777
16.1069 7 0 0 0.057248
16.1907 7 0 0 0.065837
16.2032 7 0 0 0.0593403
16.2143 7 0 0 0.05392
16.2408 7 0 0 0.0585423
16.2346 7 0 0 0.0529915
16.255 7 0 0 0.0607407
16.2797 7 0 0 0.0666667
16.3257 8 0 0.0666449 0.117964
16.3669 8 0 0.0654367 0.115862
16.3555 8 0 0.0580889 0.114905
16.3829 8 0 0.0584911 0.119434
16.4195 8 0 0.0620408 0.119912
16.462 8 0 0.0516324 0.112698
16.4698 8 0 0.0452893 0.109154
16.4813 8 0 0.0288 0.111926
16.4554 8 0 0.0213889 0.115657
16.4393 8 0 0 0.113384
16.5039 8 0 0 0.115678
16.5495 8 0 0 0.108401
16.5958 8 0 0 0.106447
16.6123 8 0 0 0.108877
16.6344 8 0 0 0.1062
16.6599 8 0 0 0.104269
16.6651 8 0 0 0.102715
16.6338 8 0 0 0.0979994
16.6617 8 0 0 0.100258
16.6515 8 0 0 0.100007
16.6653 8 0 0 0.0957094
16.7101 8 0 0 0.0877679
16.7298 8 0 0 0.0865269
16.7287 8 0 0 0.0765444
16.7251 9 0 0.072522 0.127979
16.721 9 0 0.0751868 0.128095
16.674 9 0 0.0784336 0.123468
16.7038 9 0 0.077401 0.124124
16.6879 9 0 0.0777133 0.11989
16.6089 9 0 0.0750056 0.117112
16.6582 9 0 0.0698389 0.122833
16.6647 9 0 0.0634218 0.122724
16.7006 9 0 0.0641 0.12379
16.725 9 0 0.0698904 0.13115
16.7096 9 0 0.0734809 0.140282
16.7368 9 0 0.0651107 0.141188
16.7907 9 0 0.0610492 0.138456
16.8185 9 0 0.0759298 0.132593
16.824 9 0 0.0689713 0.134403
16.8232 9 0 0.0687753 0.134105
16.8295 9 0 0.0718327 0.130815
16.8987 9 0 0.0713636 0.120716
17.0114 9 0 0.0756893 0.123744
17.0164 9 0 0.0765125 0.126132
17.0221 9 0 0.0762976 0.11795
17.0737 9 0 0.0762167 0.115226
17.0879 9 0 0.0760938 0.125467
17.1036 9 0 0.072975 0.119094
17.1256 9 0 0.0754442 0.116992
17.0702 9 0 0.070217 0.109634
17.0686 9 0 0.0520679 0.116168
17.0957 9 0 0.0424747 0.117108
17.1009 9 0 0.027 0.112482
17.1157 9 0 0.0175781 0.115634
17.1397 9 0 0.019898 0.115073
17.1583 9 0 0.00768698 0.11618
17.1481 9 0 0.00749507 0.114815
17.1987 9 0 0 0.115719
17.2677 9 0 0 0.114571
17.3167 9 0 0 0.11271
17.3881 9 0 0 0.111421
17.4126 9 0 0 0.104509
17.4811 9 0 0 0.105335
17.4671 9 0 0 0.0967745
17.4615 9 0 0 0.0875569
17.4406 9 0 0 0.0844347
17.4531 9 0 0 0.0854602
17.4639 9 0 0 0.0932422
17.4992 9 0 0 0.0946498
17.5865 9 0 0 0.0921111
17.6061 9 0 0 0.0975519
17.6525 9 0 0 0.0940763
17.6858 9 0 0 0.0920253
17.7075 9 0 0 0.0909417
17.7074 9 0 0 0.0829869
17.7284 9 0 0 0.0786917
17.6939 9 0 0 0.0746457
17.6665 9 0 0 0.0768736
17.7 9 0 0 0.0729578
17.7236 9 0 0 0.0706893
17.7333 9 0 0 0.0699247
17.7525 9 0 0 0.0745417
17.7216 9 0 0 0.0729733
17.7395 9 0 0 0.0771769
17.7914 9 0 0 0.0666687
17.7893 9 0 0 0.0635904
17.8218 9 0 0 0.0571813
17.8713 9 0 0 0.0637207
17.8932 9 0 0 0.0615532
17.865 9 0 0 0.0475517
17.8916 9 0 0 0.0432516
17.9382 9 0 0 0.0427678
17.9378 9 0 0 0.044883
17.9492 9 0 0 0.0346937
17.9674 9 0 0 0.0264106
17.9583 9 0 0 0.0246109
17.9773 9 0 0 0.0281611
17.9863 9 0 0 0.0261394
18.0203 9 0 0 0.0177135
18.0159 9 0 0 0.0155876
18.0028 9 0 0 0.0193
18.0171 9 0 0 0.0202364
17.9732 9 0 0 0.0149836
17.9647 9 0 0 0.0169904
18.0814 9 0 0 0.00611233
18.0461 10 0 0.00511507 0.124115
18.0969 10 0 0.00450657 0.121725
18.1741 10 0 0.00592576 0.120967
18.2502 10 0 0.00464604 0.121508
18.2423 10 0 0.004375 0.122202
18.2466 10 0 0.00370987 0.117244
18.3182 10 0 0.00367252 0.11443
18.3912 10 0 0.00504801 0.115714
18.4466 10 0 0.004375 0.11009
18.4871 10 0 0.0049719 0.10457
18.4889 10 0 0.00400624 0.105386
18.5017 10 0 0.00401566 0.106349
18.5483 10 0 0.00339844 0.105902
18.5541 10 0 0.00292265 0.110241
18.5908 10 0 0.00489796 0.108952
18.5906 10 0 0.00349636 0.106132
18.594 10 0 0.00258488 0.110763
18.6113 10 0 0.00265306 0.108479
18.6067 10 0 0.00379247 0.102568
18.6084 10 0 0.00298028 0.106054
18.6324 10 0 0.0021551 0.101287
18.6603 10 0 0.00234375 0.107276
18.666 10 0 0.00412222 0.0986583
18.6607 10 0 0.00539541 0.105886
18.6711 10 0 0.00621302 0.107814
18.6753 10 0 0.0054516 0.108986
18.662 10 0 0.00284024 0.106935
18.7051 10 0 0 0.105002
18.7587 10 0 0 0.104085
18.7037 10 0 0 0.103268
18.7232 10 0 0 0.106374
18.6883 10 0 0 0.109055
18.7591 10 0 0 0.109181
18.7539 10 0 0 0.109959
18.842 10 0 0 0.111173
18.8794 10 0 0 0.109602
18.8295 10 0 0 0.113341
18.8623 10 0 0 0.114841
18.8926 10 0 0 0.118644
18.9711 10 0 0 0.117697
19.0079 10 0 0 0.110521
19.043 10 0 0 0.106454
19.0275 10 0 0 0.0929061
19.0311 10 0 0 0.0965366
19.136 10 0 0 0.0995425
19.2363 10 0 0 0.105448
19.2812 10 0 0 0.10764
19.2537 10 0 0 0.0963071
19.2424 10 0 0 0.100078
19.2123 10 0 0 0.0977461
19.2215 10 0 0 0.10516
19.2941 10 0 0 0.110324
19.3169 10 0 0 0.105048
19.3273 10 0 0 0.104702
19.3625 10 0 0 0.099851
19.3896 10 0 0 0.0972565
19.501 10 0 0 0.100649
19.5736 10 0 0 0.101209
19.5207 10 0 0 0.10411
19.5171 10 0 0 0.105373
19.527 10 0 0 0.10117
19.5222 10 0 0 0.0988296
19.5626 10 0 0 0.0995379
19.5581 10 0 0 0.0802834
19.6317 10 0 0 0.0839027
19.6438 10 0 0 0.087616
19.7032 10 0 0 0.0865975
19.6918 10 0 0 0.0878912
19.691 10 0 0 0.0836485
19.7537 10 0 0 0.0863602
19.7405 10 0 0 0.0923959
19.7612 10 0 0 0.0928258
19.8035 10 0 0 0.0882716
19.8219 10 0 0 0.0860377
19.8156 10 0 0 0.0923868
19.8116 10 0 0 0.0900549
19.7558 10 0 0 0.0896473
19.8299 10 0 0 0.0918906
19.8166 10 0 0 0.0931989
19.8449 10 0 0 0.0878005
19.8163 10 0 0 0.0909491
19.8507 10 0 0 0.0915344
19.8693 10 0 0 0.093686
19.938 10 0 0 0.094109
20.0116 10 0 0 0.0941831
19.9409 10 0 0 0.0874333
19.9572 10 0 0 0.0924562
20.0137 10 0 0 0.0909141
20.0399 10 0 0 0.0919
20.081 10 0 0 0.088144
20.073 10 0 0 0.0578685
20.1442 10 0 0 0.0478547
20.1853 10 0 0 0.0448389
20.1497 10 0 0 0.0469008
20.2132 10 0 0 0.0252049
20.1855 10 0 0 0.0110526
20.1797 10 0 0 0.013686
20.2036 10 0 0 0.0132545
20.1638 10 0 0 0.0136623
20.1564 10 0 0 0.0130173
20.2347 10 0 0 0.012569
20.2263 10 0 0 0.0135185
20.2148 10 0 0 0.0127285
20.2067 10 0 0 0.0116359
20.1887 10 0 0 0.0116942
20.1751 10 0 0 0.00890864
20.1769 10 0 0 0.00747991
20.1606 10 0 0 0.00752018
20.0786 10 0 0 0.00548238
20.0683 10 0 0 0.00527603
20.084 10 0 0 0.00668176
20.1254 10 0 0 0.0082451
20.0801 10 0 0 0.0100346
20.1317 10 0 0 0.0115651
20.1257 10 0 0 0.0107236
20.2124 10 0 0 0.00988944
20.1981 10 0 0 0.00783737
20.169 11 0 0.0078713 0.0913834
20.1477 11 0 0.00586777 0.0921556
20.1994 11 0 0.00498724 0.0900565
20.1276 11 0 0.00771072 0.0828558
20.1493 11 0 0.00903581 0.0766
20.0847 11 0 0.00935822 0.073284
20.1298 11 0 0.00829388 0.0596155
20.1205 11 0 0.00923077 0.0565929
20.1687 11 0 0.00879184 0.0476278
20.188 11 0 0.00831243 0.0459912
20.1657 11 0 0.00690542 0.0527449
20.1723 11 0 0.00428571 0.0518547
20.1723 11 0 0.00398866 0.0575309
20.187 11 0 0.00216447 0.0551524
20.2381 11 0 0.00261593 0.0727023
20.246 11 0 0.00217959 0.053952
20.2702 11 0 0.00168685 0.0609959
20.2382 11 0 0.000519391 0.0386719
20.2853 11 0 0.000615234 0.023594
20.3154 11 0 0.000655556 0.0207143
20.3351 11 0 0 0.017502
20.3891 11 0 0 0.0174142
20.452 11 0 0 0.0173737
20.4792 11 0 0 0.017037
20.4919 11 0 0 0.0168889
20.4682 11 0 0 0.0158478
20.4686 11 0 0 0.0152889
20.4672 11 0 0 0.0151247
20.4248 11 0 0 0.0161317
20.4216 11 0 0 0.0149584
20.5002 11 0 0 0.0157537
20.5456 11 0 0 0.014992
20.5211 11 0 0 0.0147439
20.5436 11 0 0 0.0150222
20.5241 11 0 0 0.0147759
20.54 11 0 0 0.0154132
20.5039 11 0 0 0.0152834
20.5432 11 0 0 0.0158081
20.5485 11 0 0 0.0153288
20.5657 11 0 0 0.0146817
20.5369 11 0 0 0.0135425
20.532 11 0 0 0.0142857
20.6032 11 0 0 0.014656
20.5914 11 0 0 0.0149704
20.6121 11 0 0 0.0142012
20.6923 11 0 0 0.013564
20.7081 11 0 0 0.0136111
20.6923 11 0 0 0.0132612
20.7261 11 0 0 0.0112109
20.8016 11 0 0 0.0110397
20.7888 11 0 0 0.011072
20.837 11 0 0 0.0109766
20.8 11 0 0 0.0115385
20.8348 11 0 0 0.0117004
20.8848 11 0 0 0.0105078
20.9803 11 0 0 0.0119421
21.0089 11 0 0 0.012368
21.0362 11 0 0 0.0128733
21.0621 11 0 0 0.012475
21.0826 11 0 0 0.0125868
21.1536 11 0 0 0.0120499
21.2029 12 0 0.0131918 0.059132
21.1675 12 0 0.012575 0.0632269
21.2108 12 0 0.0128529 0.0656431
21.2109 12 0 0.0131174 0.0788375
21.2123 12 0 0.012963 0.082964
21.2492 12 0 0.0129209 0.0745393
21.2708 12 0 0.0132373 0.0754321
21.2086 12 0 0.0127423 0.0918475
21.2431 12 0 0.0129878 0.0997867
21.1837 12 0 0.012517 0.0914527
21.1579 12 0 0.0130857 0.0966086
21.1144 12 0 0.0130095 0.07755
21.1855 12 0 0.0119464 0.0929136
21.1926 12 0 0.0118146 0.0937687
21.1996 12 0 0.0112359 0.0779678
21.2226 12 0 0.0116 0.0635058
21.183 12 0 0.010475 0.0635635
21.2163 12 0 0.0100892 0.0677667
21.2207 12 0 0.01 0.0844629
21.2737 12 0 0.00996252 0.0842361
21.2508 12 0 0.00994083 0.0779132
21.2907 12 0 0.00996252 0.0727889
21.3052 12 0 0.00998811 0.0843341
21.3125 12 0 0.00943311 0.080652
21.3146 12 0 0.00973499 0.0723225
21.3461 12 0 0.00931947 0.0809825
21.3194 12 0 0.0066716 0.0726116
21.3037 12 0 0.00601108 0.0730766
21.3262 12 0 0.00555556 0.0664364
21.3607 12 0 0.00370987 0.0676549
21.3829 12 0 0.00382653 0.0647102
21.3461 12 0 0.00313469 0.0641309
21.3539 12 0 0.00298028 0.0733355
21.3199 12 0 0 0.0686505
21.311 12 0 0 0.0555642
21.2711 12 0 0 0.0616
21.2832 12 0 0 0.0574297
21.2184 12 0 0 0.0401758
21.1872 12 0 0 0.0456358
21.1966 12 0 0 0.0503879
21.1857 12 0 0 0.0507836
21.1034 12 0 0 0.0459031
21.0853 12 0 0 0.0443352
21.0815 12 0 0 0.037884
21.0995 12 0 0 0.0302092
21.0934 12 0 0 0.02603
21.1266 12 0 0 0.0217665
21.1895 12 0 0 0.021871
21.2 12 0 0 0.0157226
21.2127 12 0 0 0.0147556
21.2088 12 0 0 0.0142862
21.1884 12 0 0 0.0146937
21.2088 12 0 0 0.0157848
21.2153 12 0 0 0.0207256
21.2232 12 0 0 0.0159167
21.2293 12 0 0 0.015503
21.2133 12 0 0 0.0168691
21.2293 12 0 0 0.0217488
21.2565 12 0 0 0.0215648
21.2839 12 0 0 0.0208129
21.2964 12 0 0 0.0232015
21.3633 12 0 0 0.024566
21.357 12 0 0 0.0246
21.3229 12 0 0 0.0245531
21.4292 12 0 0 0.0238272
21.4192 12 0 0 0.023594
21.4499 12 0 0 0.0239063
21.4584 12 0 0 0.02375
21.4675 12 0 0 0.0197531
21.524 12 0 0 0.0205556
21.5681 12 0 0 0.0244898
21.5238 12 0 0 0.020625
21.5215 12 0 0 0.0222222
21.5169 12 0 0 0.0225
21.4778 12 0 0 0.0213889
21.5664 12 0 0 0.0198347
21.6021 13 0 0.0134694 0.0480981
21.6484 13 0 0.015 0.0490166
21.6653 13 0 0.0195918 0.0476961
21.7397 13 0 0.015 0.0478671
21.7383 13 0 0.0128 0.04841
21.6787 13 0 0.00875 0.0463915
21.7175 13 0 0 0.0477875
21.6862 13 0 0 0.0458927
21.6983 13 0 0 0.0479682
21.6844 13 0 0 0.047129
21.6774 13 0 0 0.0472355
21.6317 13 0 0 0.0452914
21.6959 13 0 0 0.0471618
21.7341 13 0 0 0.0446426
21.7618 14 0 0.0424011 0.0848466
21.7899 14 0 0.0416216 0.0844386
21.7947 14 0 0.04125 0.0778843
21.7914 14 0 0.0409371 0.0773247
21.825 14 0 0.0389312 0.0718165
21.8223 14 0 0.0388474 0.0716669
21.8467 14 0 0.0384221 0.0712253
21.8201 14 0 0.0385773 0.0769568
21.8206 14 0 0.0382798 0.0792351
21.8137 14 0 0.037863 0.0729277
21.816 14 0 0.0378099 0.0741447
21.8784 14 0 0.0351693 0.0757946
21.9078 14 0 0.0352648 0.0721448
21.8809 14 0 0.0325656 0.072879
21.9572 14 0 0.0316736 0.0694767
21.9837 14 0 0.0313742 0.0662893
21.916 14 0 0.0305807 0.0704088
21.9148 14 0 0.0323177 0.0643727
21.9211 14 0 0.0328946 0.0674296
21.9304 14 0 0.0332117 0.0722171
21.9638 14 0 0.0316264 0.0699276
21.9478 14 0 0.0328269 0.066084
21.9908 14 0 0.0334875 0.0598258
21.9806 14 0 0.0324638 0.0581502
21.9523 14 0 0.0312277 0.0578255
21.9469 14 0 0.0316728 0.0544173
21.9607 14 0 0.0302367 0.0546968
21.9774 14 0 0.0312193 0.0543223
22.0053 14 0 0.0311668 0.0554155
21.9596 14 0 0.0328704 0.0515343
22.0293 14 0 0.0309576 0.0530864
22.0314 14 0 0.0309576 0.0547589
22.0116 14 0 0.0308778 0.0540936
21.9729 14 0 0.028292 0.0563026
21.9673 14 0 0.0303348 0.0561596
21.9827 14 0 0.0309972 0.0561304
21.9657 14 0 0.0284011 0.0546457
21.9775 14 0 0.0262241 0.0571085
21.9993 14 0 0.026867 0.0591029
22.0204 14 0 0.0265715 0.0573848
22.056 14 0 0.0264567 0.0592818
22.0994 14 0 0.0263042 0.0582688
22.1049 14 0 0.0248302 0.0610318
22.0877 14 0 0.0245516 0.0628391
22.0465 14 0 0.0219891 0.0621078
22.1056 14 0 0.0249645 0.0609658
22.0568 14 0 0.0247802 0.0599689
22.0364 14 0 0.0245827 0.0564494
22.0311 14 0 0.0226388 0.0554657
22.074 14 0 0.021501 0.0561443
22.0893 14 0 0.0208589 0.0554564
22.1057 14 0 0.0213477 0.0547195
22.1828 14 0 0.0186103 0.0518399
22.1551 14 0 0.0192 0.0522858
22.265 14 0 0.0118519 0.0529915
22.2648 14 0 0.0116895 0.0541418
22.2613 14 0 0.00368859 0.0531453
22.188 14 0 0.00506055 0.0535708
22.1895 14 0 0.00703125 0.052742
22.2424 14 0 0.0050963 0.0520587
22.3164 14 0 0.00324074 0.0503572
22.3043 14 0 0.00324074 0.0503959
22.3757 14 0 0.00266529 0.0503644
22.3641 14 0 0.00652367 0.0499874
22.3704 14 0 0.012047 0.0493682
22.442 14 0 0.0142099 0.0489376
22.4615 14 0 0.0118519 0.0492773
22.4924 14 0 0.0172401 0.0481492
22.4984 14 0 0.013125 0.0486288
22.5246 14 0 0.0170449 0.0481496
22.5766 14 0 0.0166667 0.0455731
22.5904 14 0 0.013125 0.04519
22.6449 14 0 0.0037461 0.0440222
22.6699 14 0 0 0.047584
22.6447 14 0 0 0.0447302
22.6967 14 0 0 0.0445084
22.7274 14 0 0 0.0457464
22.7679 14 0 0 0.046032
22.811 14 0 0 0.0437407
22.7936 14 0 0 0.0430173
22.7625 14 0 0 0.044563
22.7494 14 0 0 0.0409342
22.7866 14 0 0 0.0401416
22.7975 14 0 0 0.0442975
22.8502 14 0 0 0.0362479
22.8683 14 0 0 0.0345358
22.7928 14 0 0 0.0293343
22.7946 14 0 0 0.026804
22.7389 14 0 0 0.0306746
22.7904 14 0 0 0.0336442
22.8447 14 0 0 0.0381064
22.8444 14 0 0 0.042104
22.8795 14 0 0 0.0408744
22.8441 14 0 0 0.043001
22.8494 14 0 0 0.0416285
22.9049 14 0 0 0.0420576
22.9678 14 0 0 0.0429384
22.9742 14 0 0 0.0431337
23.0599 14 0 0 0.0436658
23.0849 14 0 0 0.0424994
23.1698 14 0 0 0.0400592
23.1511 14 0 0 0.0378231
23.1641 14 0 0 0.0425444
23.1914 14 0 0 0.0431944
23.215 14 0 0 0.0446422
23.2414 14 0 0 0.0441667
23.2867 14 0 0 0.0436483
23.2836 14 0 0 0.0430485
23.3399 14 0 0 0.0439102
23.3019 14 0 0 0.0441125
23.3814 14 0 0 0.0438989
23.4173 14 0 0 0.0439185
23.4119 14 0 0 0.0434995
23.4563 14 0 0 0.0415926
23.4293 14 0 0 0.041484
23.3948 14 0 0 0.0416686
23.4934 14 0 0 0.0409033
23.552 14 0 0 0.0424163
23.6148 14 0 0 0.0426019
23.6708 14 0 0 0.0435196
23.7071 14 0 0 0.0431947
23.7123 14 0 0 0.0429959
23.7241 14 0 0 0.0422773
23.6618 14 0 0 0.0424732
23.5757 14 0 0 0.0401183
23.594 14 0 0 0.0411834
23.5894 14 0 0 0.0419531
23.6074 14 0 0 0.0386267
23.6 14 0 0 0.0416797
23.6298 14 0 0 0.0392308
23.658 14 0 0 0.0381893
23.652 14 0 0 0.0303472
23.6234 14 0 0 0.0336
23.6848 14 0 0 0.032256
23.7075 14 0 0 0.0373777
23.7552 14 0 0 0.0406243
23.754 14 0 0 0.0421875
23.7821 14 0 0 0.0430556
23.7914 14 0 0 0.0438321
23.835 14 0 0 0.0428488
23.884 14 0 0 0.0422214
23.8786 14 0 0 0.0428195
23.9394 14 0 0 0.0441369
23.9504 14 0 0 0.0436861
23.8993 14 0 0 0.0442286
23.8821 14 0 0 0.043219
23.9572 14 0 0 0.0421149
24.0049 14 0 0 0.041824
24.0101 14 0 0 0.0432351
23.9443 14 0 0 0.0407388
23.944 14 0 0 0.0432663
23.9342 14 0 0 0.0430336
23.9086 14 0 0 0.043206
23.9626 14 0 0 0.0394675
23.9096 14 0 0 0.0403951
23.9001 14 0 0 0.043913
23.9287 14 0 0 0.0426
23.9721 14 0 0 0.0399074
24.0184 14 0 0 0.0427586
24.0109 14 0 0 0.0416049
23.9548 14 0 0 0.0427734
23.9389 14 0 0 0.0396786
23.8855 14 0 0 0.0302066
23.974 14 0 0 0.0218846
24.027 14 0 0 0.022796
24.025 14 0 0 0.0195918
24.003 14 0 0 0.0210173
23.9714 14 0 0 0.0132231
23.9908 14 0 0 0.0186998
23.948 14 0 0 0.0261592
24.0007 14 0 0 0.0317355
24.0798 14 0 0 0.0346254
24.1219 14 0 0 0.0364
24.1161 14 0 0 0.0365398
24.1154 14 0 0 0.0396
24.1613 14 0 0 0.0396
24.1653 14 0 0 0.0404
24.1579 14 0 0 0.0419835
24.2072 15 0 0.0418904 0.0537253
24.2264 15 0 0.0398186 0.0525565
24.218 15 0 0.0281481 0.0550184
24.2567 15 0 0.0235294 0.0570814
24.2399 15 0 0.0306 0.0576284
24.2037 15 0 0.0244719 0.0567929
24.2222 15 0 0.015515 0.0555493
24.2485 15 0 0.01115 0.0531031
24.2597 15 0 0.0135641 0.052263
24.2985 15 0 0.0169161 0.0506809
24.305 15 0 0.00456747 0.0522509
24.2478 15 0 0.00532699 0.0539783
24.2222 15 0 0.0055102 0.054744
24.1932 15 0 0 0.0546713
24.1687 15 0 0 0.0531643
24.2242 15 0 0 0.044414
24.191 15 0 0 0.0506772
24.1663 15 0 0 0.035488
24.1554 15 0 0 0.0116
24.1723 15 0 0 0.00489796
24.1836 15 0 0 0.0064
24.2193 15 0 0 0.01
24.2018 15 0 0 0.00888889
24.2022 15 0 0 0.014375
24.1619 15 0 0 0.0133333
24.2136 15 0 0 0.0128395
24.2903 15 0 0 0.00897959
24.338 15 0 0 0.0096
24.3932 15 0 0 0
24.3931 15 0 0 0
24.4 15 0 0 0
24.4366 15 0 0 0.00888889
24.4191 15 0 0 nan
24.3645 15 0 0 nan
24.3747 15 0 0 nan
24.3787 15 0 0 0.00888889
24.3977 15 0 0 0.01
24.3946 15 0 0 0.009375
24.3365 15 0 0 0
24.3849 15 0 0 0.004375
24.3526 15 0 0 0.00833333
24.4096 15 0 0 0.0103111
24.3784 15 0 0 0.0104308
24.4104 15 0 0 0.0113019
24.4302 15 0 0 0.0108
24.4563 15 0 0 0.0134568
24.4748 15 0 0 0.013
24.4608 15 0 0 0.0146
24.3853 15 0 0 0.0164198
24.3974 15 0 0 0.015104
24.4535 15 0 0 0.0170248
24.4478 15 0 0 0.0173153
24.4811 15 0 0 0.016933
24.4874 15 0 0 0.0177
24.5221 15 0 0 0.0172531
24.5679 15 0 0 0.0158726
24.5621 15 0 0 0.0162568
24.6816 15 0 0 0.017145
24.7679 15 0 0 0.01705
24.8409 15 0 0 0.0171354
24.8853 15 0 0 0.0175614
24.8262 15 0 0 0.0176701
24.7558 15 0 0 0.0178828
24.7141 15 0 0 0.018034
24.7416 15 0 0 0.017648
24.6874 15 0 0 0.017602
24.6758 15 0 0 0.0175624
24.6663 15 0 0 0.0175931
24.6215 15 0 0 0.0177051
24.638 15 0 0 0.0166591
24.6984 15 0 0 0.0169659
24.689 15 0 0 0.0177275
24.72 15 0 0 0.0177219
24.7225 15 0 0 0.0181211
24.7568 15 0 0 0.017925
24.7667 15 0 0 0.0177853
24.7894 15 0 0 0.0177583
24.8141 15 0 0 0.0177163
24.8668 15 0 0 0.0179211
24.8196 15 0 0 0.0172018
24.8872 15 0 0 0.0171814
24.8689 15 0 0 0.017087
24.8889 15 0 0 0.0170315
24.9553 15 0 0 0.0172082
24.9654 15 0 0 0.0159862
25.0038 15 0 0 0.0169742
25.0523 15 0 0 0.017125
25.0865 15 0 0 0.0177343
25.0457 15 0 0 0.0178369
25.0564 15 0 0 0.0180737
25.0689 15 0 0 0.0180309
25.0973 15 0 0 0.0180099
25.1244 15 0 0 0.0181204
25.1381 15 0 0 0.0178632
25.1752 15 0 0 0.0173227
25.1505 15 0 0 0.0171712
25.1861 15 0 0 0.0157432
25.1919 15 0 0 0.0157025
25.2329 15 0 0 0.0150352
25.2654 15 0 0 0.0140891
25.3198 15 0 0 0.0154898
25.3461 15 0 0 0.0154793
25.3589 15 0 0 0.0145554
25.3494 15 0 0 0.0137609
25.3731 15 0 0 0.0116327
25.3969 15 0 0 0.011761
25.493 15 0 0 0.0102533
25.5287 15 0 0 0.0104422
25.5442 15 0 0 0.0111934
25.5969 15 0 0 0.00905624
25.6755 15 0 0 0.00938132
25.675 15 0 0 0.0081375
25.6845 15 0 0 0.00611429
25.6516 15 0 0 0.00567948
25.6677 15 0 0 0.00516107
25.6659 15 0 0 0.00826531
25.5975 15 0 0 0.00868037
25.6497 15 0 0 0.00865108
25.6212 15 0 0 0.0101536
25.587 15 0 0 0.0120842
25.5803 15 0 0 0.0116778
25.5795 15 0 0 0.00979626
25.6102 15 0 0 0.00991922
25.6125 15 0 0 0.00963719
25.6381 15 0 0 0.0104799
25.6522 15 0 0 0.010084
25.6391 15 0 0 0.0112019
25.5992 15 0 0 0.00818923
25.6452 15 0 0 0.00839579
25.6475 15 0 0 0.00974869
25.6472 15 0 0 0.0106969
25.6626 15 0 0 0.0114625
25.6828 15 0 0 0.0105625
25.7412 15 0 0 0.0105529
25.8158 15 0 0 0.0130572
25.7702 15 0 0 0.0132213
25.7761 15 0 0 0.0115815
