0 0 0 0 nan
0.041375 0 0 0 0.178849
0.09175 0 0 0 0.17846
0.144375 0 0 0 0.178285
0.198625 0 0 0 0.178332
0.252 0 0 0 0.178015
0.31325 0 0 0 0.177894
0.346375 0 0 0 0.178684
0.40225 0 0 0 0.179026
0.4425 0 0 0 0.17901
0.482625 0 0 0 0.17889
0.5375 0 0 0 0.178812
0.607375 0 0 0 0.178947
0.633125 0 0 0 0.179356
0.684875 0 0 0 0.17936
0.6965 0 0 0 0.178769
0.7415 0 0 0 0.178461
0.784875 0 0 0 0.178635
0.85325 0 0 0 0.178701
0.907875 0 0 0 0.178101
0.9085 0 0 0 0.178242
0.96325 0 0 0 0.178367
0.9965 0 0 0 0.178467
1.05113 0 0 0 0.178246
1.01487 0 0 0 0.177464
1.02662 0 0 0 0.176758
1.03775 0 0 0 0.178294
1.08187 0 0 0 0.177717
1.10675 0 0 0 0.177171
1.16688 0 0 0 0.17673
1.1655 0 0 0 0.176643
1.192 0 0 0 0.176164
1.27687 0 0 0 0.176434
1.35775 0 0 0 0.176273
1.37625 0 0 0 0.177377
1.3915 0 0 0 0.177165
1.38512 0 0 0 0.177402
1.438 0 0 0 0.177328
1.42775 0 0 0 0.177499
1.5105 0 0 0 0.176875
1.50525 0 0 0 0.176313
1.48 0 0 0 0.175534
1.47212 0 0 0 0.176188
1.47362 0 0 0 0.176228
1.51662 0 0 0 0.176082
1.59838 0 0 0 0.176104
1.67138 0 0 0 0.176134
1.6895 0 0 0 0.175533
1.78012 0 0 0 0.175128
1.82038 0 0 0 0.175577
1.80838 0 0 0 0.175228
1.8455 0 0 0 0.175153
1.85 0 0 0 0.17535
1.9375 0 0 0 0.175509
1.94063 0 0 0 0.175192
1.9825 0 0 0 0.175552
2.00875 0 0 0 0.174259
2.02462 0 0 0 0.174717
2.01875 0 0 0 0.175977
1.96325 0 0 0 0.175929
1.98113 0 0 0 0.175346
2.00237 0 0 0 0.174888
2.003 0 0 0 0.174648
2.05012 0 0 0 0.174417
2.03213 0 0 0 0.174439
2.05313 0 0 0 0.174669
2.0535 0 0 0 0.17597
2.12375 0 0 0 0.176627
2.12025 0 0 0 0.17618
2.14288 0 0 0 0.176161
2.20863 0 0 0 0.175091
2.21212 0 0 0 0.175671
2.30225 0 0 0 0.176059
2.30275 0 0 0 0.176769
2.28275 0 0 0 0.175563
2.2685 0 0 0 0.176122
2.20512 0 0 0 0.17641
2.2295 0 0 0 0.175462
2.19413 0 0 0 0.174631
2.20737 0 0 0 0.174244
2.17462 0 0 0 0.173575
2.1935 0 0 0 0.175322
2.3025 0 0 0 0.175157
2.28225 0 0 0 0.175175
2.22625 0 0 0 0.174321
2.1995 0 0 0 0.174016
2.08137 0 0 0 0.174418
2.02488 0 0 0 0.17338
1.9615 0 0 0 0.172107
1.98612 0 0 0 0.17337
1.98388 0 0 0 0.173843
2.01337 0 0 0 0.172302
1.90962 0 0 0 0.174726
1.86725 0 0 0 0.174561
1.875 0 0 0 0.174969
1.7485 0 0 0 0.172742
1.64775 0 0 0 0.173313
1.6775 0 0 0 0.172496
1.60712 0 0 0 0.172192
1.6255 0 0 0 0.171761
1.69588 0 0 0 0.170854
1.678 0 0 0 0.169668
1.70375 0 0 0 0.168688
1.70525 0 0 0 0.168427
1.69613 0 0 0 0.164437
1.69988 0 0 0 0.165323
1.68887 0 0 0 0.163472
1.74513 0 0 0 0.165887
1.80262 0 0 0 0.164969
1.81987 0 0 0 0.16641
1.82987 0 0 0 0.16804
1.8935 0 0 0 0.16784
1.91637 0 0 0 0.167468
1.96938 0 0 0 0.167352
2.02925 0 0 0 0.168254
2.0855 0 0 0 0.166773
2.10862 0 0 0 0.165434
2.14062 0 0 0 0.168263
2.18325 0 0 0 0.166588
2.1495 0 0 0 0.163802
2.1615 0 0 0 0.159887
2.116 0 0 0 0.15786
2.1575 0 0 0 0.152671
2.19375 0 0 0 0.153303
2.24662 0 0 0 0.143648
2.30112 0 0 0 0.14369
2.356 0 0 0 0.143088
2.38413 0 0 0 0.135533
2.4005 0 0 0 0.126184
2.39412 0 0 0 0.117306
2.35087 0 0 0 0.114658
2.359 0 0 0 0.110273
2.36925 0 0 0 0.10199
2.42738 0 0 0 0.103883
2.42888 0 0 0 0.111114
2.44225 0 0 0 0.0976799
2.46275 0 0 0 0.107487
2.4765 0 0 0 0.0990325
2.52325 0 0 0 0.122827
2.48925 0 0 0 0.129921
2.45987 0 0 0 0.135799
2.42575 0 0 0 0.15013
2.475 0 0 0 0.154049
2.52712 0 0 0 0.157757
2.46675 0 0 0 0.154607
2.57938 0 0 0 0.15613
2.5515 0 0 0 0.157025
2.59313 0 0 0 0.164024
2.59612 0 0 0 0.16025
2.5555 0 0 0 0.160171
2.55463 0 0 0 0.155712
2.50188 0 0 0 0.152875
2.52612 0 0 0 0.15423
2.55575 0 0 0 0.157178
2.51713 0 0 0 0.156225
2.648 0 0 0 0.158228
2.645 0 0 0 0.150405
2.62862 0 0 0 0.144432
2.44575 0 0 0 0.145299
2.4275 0 0 0 0.14703
2.39237 0 0 0 0.143484
2.27438 0 0 0 0.136832
2.238 0 0 0 0.131586
2.26788 0 0 0 0.126251
2.23137 0 0 0 0.130322
2.27862 0 0 0 0.13497
2.30662 0 0 0 0.131319
2.35562 0 0 0 0.133792
2.44575 0 0 0 0.142867
2.45912 0 0 0 0.136746
2.443 0 0 0 0.144319
2.35125 0 0 0 0.147176
2.40112 0 0 0 0.146679
2.33738 0 0 0 0.146442
2.39213 0 0 0 0.145889
2.45662 0 0 0 0.149404
2.41475 0 0 0 0.155004
2.33125 0 0 0 0.153917
2.30587 0 0 0 0.156593
2.21663 0 0 0 0.161781
2.1815 0 0 0 0.164741
2.19037 0 0 0 0.163968
2.14138 0 0 0 0.163254
2.20175 0 0 0 0.157398
2.15612 0 0 0 0.157852
2.17825 0 0 0 0.153136
2.255 0 0 0 0.156665
2.251 0 0 0 0.157894
2.26075 0 0 0 0.163736
2.36063 0 0 0 0.164323
2.42287 0 0 0 0.163066
2.35925 0 0 0 0.164013
2.2965 0 0 0 0.163193
2.29688 0 0 0 0.163952
2.32088 0 0 0 0.167148
2.39662 0 0 0 0.160516
2.36112 0 0 0 0.161349
2.32837 0 0 0 0.164038
2.318 0 0 0 0.165764
2.27962 0 0 0 0.166626
2.251 0 0 0 0.167535
2.1525 0 0 0 0.16902
2.22138 0 0 0 0.169032
2.26375 0 0 0 0.17003
2.30362 0 0 0 0.171277
2.31137 0 0 0 0.171473
2.31913 0 0 0 0.168781
2.35125 0 0 0 0.168058
2.27 0 0 0 0.168448
2.25875 0 0 0 0.167907
2.26363 0 0 0 0.166615
2.26063 0 0 0 0.168984
2.26388 0 0 0 0.169481
2.22288 0 0 0 0.170618
2.24012 0 0 0 0.170135
2.20075 0 0 0 0.170185
2.23838 0 0 0 0.170822
2.15663 0 0 0 0.169129
2.09325 0 0 0 0.168577
2.13287 0 0 0 0.169512
2.13837 0 0 0 0.167684
2.16887 0 0 0 0.168335
2.1995 0 0 0 0.168186
2.22613 0 0 0 0.167855
2.31887 0 0 0 0.167021
2.37562 0 0 0 0.165278
2.31875 0 0 0 0.167037
2.39475 0 0 0 0.169173
2.38675 0 0 0 0.163134
2.48675 0 0 0 0.161473
2.4375 0 0 0 0.15601
2.52913 0 0 0 0.155855
2.48163 0 0 0 0.157424
2.50212 0 0 0 0.152717
2.562 0 0 0 0.150599
2.56363 0 0 0 0.152048
2.5485 0 0 0 0.148636
2.489 0 0 0 0.148262
2.45162 0 0 0 0.144718
2.48963 0 0 0 0.147678
2.46575 0 0 0 0.140623
2.41725 0 0 0 0.142315
2.39262 0 0 0 0.149699
2.39625 0 0 0 0.148755
2.48238 0 0 0 0.153818
2.49625 0 0 0 0.153699
2.50175 0 0 0 0.158531
2.50175 0 0 0 0.153514
2.57463 0 0 0 0.155394
2.57825 0 0 0 0.158536
2.69375 0 0 0 0.152892
2.64038 0 0 0 0.153038
2.61738 0 0 0 0.151524
2.6495 0 0 0 0.154756
2.643 0 0 0 0.159596
2.56513 0 0 0 0.158734
2.52888 0 0 0 0.158306
2.48813 0 0 0 0.161078
2.50175 0 0 0 0.160849
2.55 0 0 0 0.155077
2.5065 0 0 0 0.157107
2.514 0 0 0 0.151789
2.51613 0 0 0 0.151626
2.5885 0 0 0 0.151546
2.64887 0 0 0 0.151329
2.644 0 0 0 0.149604
2.51638 0 0 0 0.146015
2.46225 0 0 0 0.132309
2.46638 0 0 0 0.141607
2.4955 0 0 0 0.132558
2.44225 0 0 0 0.136071
2.41125 0 0 0 0.144042
2.33375 0 0 0 0.148145
2.27013 0 0 0 0.145557
2.18637 0 0 0 0.151847
2.12363 0 0 0 0.161696
2.098 0 0 0 0.166423
2.07425 0 0 0 0.168465
2.0445 0 0 0 0.168454
2.04 0 0 0 0.169692
2.09625 0 0 0 0.171354
2.03175 0 0 0 0.171352
2.04225 0 0 0 0.172196
1.93125 0 0 0 0.173319
1.87025 0 0 0 0.174592
1.93312 0 0 0 0.172338
1.93413 0 0 0 0.171266
1.95637 0 0 0 0.171278
1.94788 0 0 0 0.164981
1.904 0 0 0 0.165585
1.8665 0 0 0 0.16978
1.89437 0 0 0 0.171319
1.99337 0 0 0 0.174201
1.98762 0 0 0 0.172105
1.98287 0 0 0 0.17156
2.02525 0 0 0 0.17493
2.08375 0 0 0 0.175173
2.13225 0 0 0 0.175729
2.17512 0 0 0 0.17191
2.11075 0 0 0 0.171884
2.13638 0 0 0 0.171189
2.16337 0 0 0 0.173159
2.17975 0 0 0 0.17018
2.0885 0 0 0 0.170577
2.14575 0 0 0 0.173268
2.20487 0 0 0 0.175207
2.2125 0 0 0 0.175037
2.203 0 0 0 0.173205
2.20875 0 0 0 0.173446
2.248 0 0 0 0.174659
2.19687 0 0 0 0.174563
2.12737 0 0 0 0.171841
2.13525 0 0 0 0.172461
2.11525 0 0 0 0.173953
2.09163 0 0 0 0.17495
2.10975 0 0 0 0.177399
2.103 0 0 0 0.177468
2.0825 0 0 0 0.176723
2.0785 0 0 0 0.176313
2.0485 0 0 0 0.176313
2.0785 0 0 0 0.174872
2.04513 0 0 0 0.175954
2.11262 0 0 0 0.177006
2.12938 0 0 0 0.175452
2.21725 0 0 0 0.175186
2.20662 0 0 0 0.17375
2.16588 0 0 0 0.173753
2.16125 0 0 0 0.175534
2.15738 0 0 0 0.1761
2.09187 0 0 0 0.176555
2.12525 0 0 0 0.176019
2.13488 0 0 0 0.175348
2.0515 0 0 0 0.173878
1.9835 0 0 0 0.17515
2.00813 0 0 0 0.175878
2.02738 0 0 0 0.176584
1.9945 0 0 0 0.176551
1.93687 0 0 0 0.176974
1.93762 0 0 0 0.176521
1.90013 0 0 0 0.176774
1.88725 0 0 0 0.177044
1.84963 0 0 0 0.176382
1.87288 0 0 0 0.175939
1.9725 0 0 0 0.175411
1.92362 0 0 0 0.177291
1.85838 0 0 0 0.175543
1.86025 0 0 0 0.175842
1.81062 0 0 0 0.175972
1.859 0 0 0 0.175973
1.8475 0 0 0 0.175993
1.91312 0 0 0 0.17573
1.907 0 0 0 0.175447
1.93037 0 0 0 0.174425
1.93588 0 0 0 0.175792
1.90975 0 0 0 0.176275
1.96513 0 0 0 0.175968
1.9715 0 0 0 0.176287
1.97675 0 0 0 0.175563
1.96487 0 0 0 0.175035
2.04062 0 0 0 0.17559
1.98713 0 0 0 0.175934
1.97538 0 0 0 0.175074
1.96625 0 0 0 0.174283
2.003 0 0 0 0.175628
2.02162 0 0 0 0.17577
2.02813 0 0 0 0.175823
2.07037 0 0 0 0.17582
2.09375 0 0 0 0.175375
2.23238 0 0 0 0.17659
2.14262 0 0 0 0.175791
2.16225 0 0 0 0.176401
2.11837 0 0 0 0.177114
2.16 0 0 0 0.176915
2.15825 0 0 0 0.175507
2.11088 0 0 0 0.17623
2.12825 0 0 0 0.176254
2.124 0 0 0 0.176095
2.10012 0 0 0 0.175425
2.053 0 0 0 0.173905
2.03713 0 0 0 0.172411
2.014 0 0 0 0.172263
2.03512 0 0 0 0.172291
2.07225 0 0 0 0.172833
2.0665 0 0 0 0.173718
2.08537 0 0 0 0.172895
2.0765 0 0 0 0.174441
2.122 0 0 0 0.174107
2.1725 0 0 0 0.174231
2.13137 0 0 0 0.1756
2.14038 0 0 0 0.174791
2.21075 0 0 0 0.174126
2.2305 0 0 0 0.174993
2.273 0 0 0 0.174015
2.31275 0 0 0 0.174134
2.31562 0 0 0 0.172564
2.3975 0 0 0 0.170568
2.41237 0 0 0 0.172772
2.40313 0 0 0 0.175584
2.4065 0 0 0 0.175884
2.34625 0 0 0 0.176919
2.28587 0 0 0 0.176603
2.25913 0 0 0 0.176329
2.192 0 0 0 0.175863
2.14475 0 0 0 0.177103
2.1575 0 0 0 0.177119
2.1155 0 0 0 0.176716
2.07187 0 0 0 0.17684
2.072 0 0 0 0.176199
2.0415 0 0 0 0.176525
2.0575 0 0 0 0.177128
2.07225 0 0 0 0.176098
2.05025 0 0 0 0.17377
2.05987 0 0 0 0.174882
2.11725 0 0 0 0.17357
2.16075 0 0 0 0.174277
2.11563 0 0 0 0.173715
2.12562 0 0 0 0.175572
2.177 0 0 0 0.17501
2.2165 0 0 0 0.176734
2.18875 0 0 0 0.175416
2.187 0 0 0 0.175043
2.205 0 0 0 0.174286
2.162 0 0 0 0.175832
2.15625 0 0 0 0.175615
2.1205 0 0 0 0.174899
2.08812 0 0 0 0.173522
2.11375 0 0 0 0.172498
2.09 0 0 0 0.17283
2.049 0 0 0 0.174008
2.034 0 0 0 0.176332
1.95275 0 0 0 0.175335
1.92275 0 0 0 0.175723
1.99513 0 0 0 0.173083
1.96775 0 0 0 0.172891
2.03225 0 0 0 0.172618
1.9655 0 0 0 0.173277
1.97887 0 0 0 0.173678
2.04188 0 0 0 0.174693
2.052 0 0 0 0.174951
2.01538 0 0 0 0.173768
2.03337 0 0 0 0.174935
2.05388 0 0 0 0.174496
2.06 0 0 0 0.175622
2.071 0 0 0 0.174786
2.12487 0 0 0 0.175336
2.13612 0 0 0 0.175895
2.11525 0 0 0 0.174514
2.03788 0 0 0 0.173562
2.01562 0 0 0 0.170621
2.02838 0 0 0 0.170911
2.02275 0 0 0 0.173058
1.94887 0 0 0 0.173694
1.96988 0 0 0 0.173867
1.98625 0 0 0 0.175028
2.01538 0 0 0 0.175938
2.04162 0 0 0 0.175357
2.00875 0 0 0 0.17463
2.05775 0 0 0 0.175473
2.00175 0 0 0 0.174707
2.11338 0 0 0 0.173477
2.08275 0 0 0 0.172963
2.11825 0 0 0 0.172157
2.02088 0 0 0 0.173685
2.02838 0 0 0 0.171475
2.00937 0 0 0 0.17076
2.00663 0 0 0 0.170509
1.9735 0 0 0 0.171113
2.00825 0 0 0 0.171584
2.053 0 0 0 0.173347
2.11187 0 0 0 0.172686
2.15775 0 0 0 0.173588
2.18913 0 0 0 0.173712
2.19862 0 0 0 0.175
2.1805 0 0 0 0.172824
2.23725 0 0 0 0.171617
2.22025 0 0 0 0.170647
2.21638 0 0 0 0.172511
2.22775 0 0 0 0.172825
2.2245 0 0 0 0.174397
2.20562 0 0 0 0.17629
2.25563 0 0 0 0.176192
2.24912 0 0 0 0.176075
2.31087 0 0 0 0.173282
2.32037 0 0 0 0.171059
2.307 0 0 0 0.170844
2.2865 0 0 0 0.171352
2.32575 0 0 0 0.171865
2.43138 0 0 0 0.171775
2.352 0 0 0 0.171641
2.3415 0 0 0 0.171061
2.34687 0 0 0 0.173795
2.369 0 0 0 0.171593
2.393 0 0 0 0.17086
2.46 0 0 0 0.170272
2.53288 0 0 0 0.172454
2.40713 0 0 0 0.17211
2.486 0 0 0 0.172492
2.49337 0 0 0 0.173468
2.37988 0 0 0 0.175007
2.41 0 0 0 0.172889
2.43525 0 0 0 0.171232
2.31438 0 0 0 0.173879
2.24538 0 0 0 0.174441
2.253 0 0 0 0.174564
2.281 0 0 0 0.173892
2.215 0 0 0 0.175137
2.18038 0 0 0 0.176076
2.063 0 0 0 0.177264
2.10288 0 0 0 0.178831
2.18087 0 0 0 0.177426
2.09675 0 0 0 0.176604
2.07138 0 0 0 0.176928
1.99975 0 0 0 0.176728
1.906 0 0 0 0.175866
1.88512 0 0 0 0.175205
1.94725 0 0 0 0.176267
1.91575 0 0 0 0.176603
1.9555 0 0 0 0.176073
1.91738 0 0 0 0.17532
1.90938 0 0 0 0.175208
1.94487 0 0 0 0.174274
1.832 0 0 0 0.173698
1.81137 0 0 0 0.174193
1.87688 0 0 0 0.175118
1.77788 0 0 0 0.174464
1.80462 0 0 0 0.17567
1.798 0 0 0 0.175646
1.72 0 0 0 0.175339
1.74913 0 0 0 0.175244
1.76725 0 0 0 0.175564
1.80662 0 0 0 0.174728
1.806 0 0 0 0.174712
1.7565 0 0 0 0.175278
1.773 0 0 0 0.174192
1.8345 0 0 0 0.1748
1.92837 0 0 0 0.175771
1.90312 0 0 0 0.176035
1.89213 0 0 0 0.176926
1.8035 0 0 0 0.17693
1.82012 0 0 0 0.177126
1.859 0 0 0 0.175934
1.82575 0 0 0 0.177426
1.84137 0 0 0 0.176635
1.83675 0 0 0 0.177829
1.80387 0 0 0 0.177634
1.80062 0 0 0 0.178437
1.84875 0 0 0 0.178559
1.774 0 0 0 0.177854
1.82387 0 0 0 0.176829
1.83525 0 0 0 0.17724
1.82963 0 0 0 0.177693
1.801 0 0 0 0.177599
1.8655 0 0 0 0.177358
1.87425 0 0 0 0.175817
1.92375 0 0 0 0.17567
1.94413 0 0 0 0.175492
1.90725 0 0 0 0.175544
1.96263 0 0 0 0.175107
1.95925 0 0 0 0.17512
1.92338 0 0 0 0.174649
2.00725 0 0 0 0.173606
2.023 0 0 0 0.174244
2.04763 0 0 0 0.17418
2.00625 0 0 0 0.174625
2.05138 0 0 0 0.173912
1.99687 0 0 0 0.174132
2.00525 0 0 0 0.17218
2.02 0 0 0 0.170296
1.98388 0 0 0 0.167789
2.02312 0 0 0 0.168493
1.99962 0 0 0 0.16498
2.03437 0 0 0 0.165976
2.02825 0 0 0 0.167416
2.14962 0 0 0 0.166075
2.161 0 0 0 0.162746
2.11475 0 0 0 0.162601
2.106 0 0 0 0.158396
2.02375 0 0 0 0.153992
2.08275 0 0 0 0.15973
2.09475 0 0 0 0.15392
2.12225 0 0 0 0.153425
2.1105 0 0 0 0.154061
2.16275 0 0 0 0.158511
2.11025 0 0 0 0.15712
2.13512 0 0 0 0.1615
2.14337 0 0 0 0.161127
2.17912 0 0 0 0.160044
2.08425 0 0 0 0.160999
2.11 0 0 0 0.159059
2.104 0 0 0 0.162289
2.11987 0 0 0 0.160953
2.108 0 0 0 0.163196
2.06637 0 0 0 0.168563
2.10288 0 0 0 0.170023
2.141 0 0 0 0.169169
2.1875 0 0 0 0.16883
2.21888 0 0 0 0.168766
2.2865 0 0 0 0.167597
2.28112 0 0 0 0.169418
2.327 0 0 0 0.170113
2.33275 0 0 0 0.169192
2.31188 0 0 0 0.171138
2.34425 0 0 0 0.170935
2.3835 0 0 0 0.171557
2.33738 0 0 0 0.171114
2.38475 0 0 0 0.172603
2.40537 0 0 0 0.170988
2.48612 0 0 0 0.170423
2.47337 0 0 0 0.171288
2.44225 0 0 0 0.172303
2.4485 0 0 0 0.171279
2.46575 0 0 0 0.169762
2.43975 0 0 0 0.17158
2.43138 0 0 0 0.173392
2.48975 0 0 0 0.172007
2.48212 0 0 0 0.173291
2.47512 0 0 0 0.172295
2.4225 0 0 0 0.173861
2.33375 0 0 0 0.173005
2.373 0 0 0 0.173611
2.36537 0 0 0 0.174667
2.45162 0 0 0 0.172589
2.45363 0 0 0 0.173818
2.4405 0 0 0 0.172208
2.44375 0 0 0 0.171813
2.493 0 0 0 0.169126
2.56862 0 0 0 0.173305
2.45087 0 0 0 0.173243
2.46387 0 0 0 0.173461
2.40713 0 0 0 0.173811
2.32938 0 0 0 0.172973
2.36912 0 0 0 0.171462
2.287 0 0 0 0.170542
2.25875 0 0 0 0.168659
2.29588 0 0 0 0.16476
2.33887 0 0 0 0.168494
2.27562 0 0 0 0.169369
2.30563 0 0 0 0.171411
2.27137 0 0 0 0.174036
2.3795 0 0 0 0.17543
2.40488 0 0 0 0.177206
2.352 0 0 0 0.176979
2.40088 0 0 0 0.176401
2.443 0 0 0 0.175298
2.36112 0 0 0 0.175377
2.32213 0 0 0 0.175808
2.27787 0 0 0 0.176743
2.19325 0 0 0 0.175109
2.06338 0 0 0 0.173778
2.03288 0 0 0 0.174436
2.02425 0 0 0 0.172023
1.94663 0 0 0 0.172389
2.03037 0 0 0 0.172254
1.93325 0 0 0 0.171945
2.021 0 0 0 0.172707
2.08937 0 0 0 0.171462
2.09112 0 0 0 0.167432
2.16387 0 0 0 0.166945
2.24175 0 0 0 0.168217
2.18788 0 0 0 0.169548
2.18975 0 0 0 0.170289
2.19462 0 0 0 0.170929
2.19387 0 0 0 0.169661
2.25413 0 0 0 0.168776
2.32138 0 0 0 0.169079
2.19675 0 0 0 0.171041
2.24912 0 0 0 0.170714
2.266 0 0 0 0.170515
2.2745 0 0 0 0.172037
2.28788 0 0 0 0.171183
2.23475 0 0 0 0.167272
2.21338 0 0 0 0.168055
2.15563 0 0 0 0.168826
2.212 0 0 0 0.165821
2.13762 0 0 0 0.162279
2.13775 0 0 0 0.158481
2.21913 0 0 0 0.155732
2.29875 0 0 0 0.158291
2.32287 0 0 0 0.157967
2.29513 0 0 0 0.161055
2.27312 0 0 0 0.161625
2.20737 0 0 0 0.163459
2.2735 0 0 0 0.162869
2.27937 0 0 0 0.161345
2.23225 0 0 0 0.165381
2.22412 0 0 0 0.167767
2.22075 0 0 0 0.167513
2.15587 0 0 0 0.164689
2.20863 0 0 0 0.16713
2.26925 0 0 0 0.165164
2.24012 0 0 0 0.165649
2.189 0 0 0 0.166073
2.22288 0 0 0 0.16699
2.24737 0 0 0 0.167652
2.19263 0 0 0 0.166495
2.28213 0 0 0 0.167465
2.25687 0 0 0 0.166233
2.20363 0 0 0 0.167477
2.179 0 0 0 0.168307
2.23212 0 0 0 0.16837
2.21813 0 0 0 0.166985
2.11525 0 0 0 0.165821
2.07412 0 0 0 0.167541
2.05825 0 0 0 0.168631
1.95388 0 0 0 0.170817
1.85438 0 0 0 0.172575
1.88875 0 0 0 0.173571
1.84575 0 0 0 0.174994
1.8045 0 0 0 0.174524
1.88488 0 0 0 0.173086
1.894 0 0 0 0.172419
1.98012 0 0 0 0.173233
1.91837 0 0 0 0.174167
1.949 0 0 0 0.174611
1.917 0 0 0 0.173777
1.92687 0 0 0 0.174638
1.83038 0 0 0 0.175389
1.853 0 0 0 0.176103
1.8415 0 0 0 0.17538
1.93263 0 0 0 0.174363
1.94338 0 0 0 0.174141
2.00125 0 0 0 0.174701
2.0755 0 0 0 0.173313
2.00937 0 0 0 0.174255
1.9985 0 0 0 0.174336
1.98913 0 0 0 0.174051
2.02562 0 0 0 0.172112
2.01863 0 0 0 0.171467
2.02438 0 0 0 0.174137
2.05563 0 0 0 0.172915
2.04887 0 0 0 0.173795
2.079 0 0 0 0.172638
2.05475 0 0 0 0.172867
2.064 0 0 0 0.173435
2.07812 0 0 0 0.174406
1.99825 0 0 0 0.175437
1.91437 0 0 0 0.174813
1.87675 0 0 0 0.17589
1.875 0 0 0 0.175426
1.87862 0 0 0 0.175341
1.86275 0 0 0 0.173152
1.84262 0 0 0 0.174393
1.92138 0 0 0 0.17438
1.92162 0 0 0 0.174674
1.9845 0 0 0 0.174154
2.01963 0 0 0 0.172926
2.066 0 0 0 0.172681
2.08062 0 0 0 0.171443
2.173 0 0 0 0.170093
2.17325 0 0 0 0.170081
2.19338 0 0 0 0.169529
2.17275 0 0 0 0.167844
2.129 0 0 0 0.165974
2.192 0 0 0 0.165135
2.1405 0 0 0 0.163819
2.1595 0 0 0 0.161758
2.19663 0 0 0 0.160568
2.18625 0 0 0 0.153398
2.2105 0 0 0 0.157441
2.2805 0 0 0 0.153507
2.35925 0 0 0 0.154159
2.33312 0 0 0 0.15371
2.30525 0 0 0 0.154157
2.31113 0 0 0 0.155687
2.36212 0 0 0 0.156916
2.25338 0 0 0 0.156622
2.2705 0 0 0 0.161105
2.29975 0 0 0 0.161876
2.26587 0 0 0 0.160315
2.31763 0 0 0 0.15868
2.25212 0 0 0 0.161805
2.2445 0 0 0 0.164698
2.27862 0 0 0 0.166213
2.25738 0 0 0 0.165228
2.2245 0 0 0 0.166483
2.1865 0 0 0 0.167322
2.1415 0 0 0 0.167721
2.13525 0 0 0 0.167364
2.09538 0 0 0 0.164833
2.05812 0 0 0 0.16075
2.087 0 0 0 0.160704
2.03125 0 0 0 0.162425
2.04488 0 0 0 0.162912
2.07587 0 0 0 0.164652
2.125 0 0 0 0.165694
2.15062 0 0 0 0.163606
2.087 0 0 0 0.162007
2.06087 0 0 0 0.159245
2.08438 0 0 0 0.161514
2.01688 0 0 0 0.162875
1.99438 0 0 0 0.160241
2.0425 0 0 0 0.161147
1.97887 0 0 0 0.159348
2.04937 0 0 0 0.1581
2.07575 0 0 0 0.161326
2.136 0 0 0 0.161886
2.16463 0 0 0 0.158465
2.13813 0 0 0 0.164704
2.21238 0 0 0 0.16619
2.20912 0 0 0 0.163607
2.21575 0 0 0 0.165334
2.21525 0 0 0 0.161183
2.21837 0 0 0 0.162143
2.243 0 0 0 0.166771
2.31375 0 0 0 0.168333
2.34088 0 0 0 0.160797
2.42387 0 0 0 0.163763
2.48338 0 0 0 0.164903
2.50663 0 0 0 0.165728
2.52375 0 0 0 0.165736
2.536 0 0 0 0.163281
2.55713 0 0 0 0.16876
2.54462 0 0 0 0.169088
2.615 0 0 0 0.169965
2.64225 0 0 0 0.1706
2.64625 0 0 0 0.169805
2.71762 0 0 0 0.165864
2.6525 0 0 0 0.16394
2.68538 0 0 0 0.165971
2.68875 0 0 0 0.163464
2.678 0 0 0 0.160195
2.65888 0 0 0 0.158367
2.69738 0 0 0 0.161198
2.68825 0 0 0 0.164435
2.69425 0 0 0 0.1618
2.67112 0 0 0 0.161688
2.6725 0 0 0 0.162933
2.694 0 0 0 0.167738
2.748 0 0 0 0.164398
2.70788 0 0 0 0.163665
2.69462 0 0 0 0.164404
2.667 0 0 0 0.165562
2.68538 0 0 0 0.163373
2.66513 0 0 0 0.164043
2.727 0 0 0 0.163124
2.72525 0 0 0 0.163568
2.7005 0 0 0 0.162339
2.63187 0 0 0 0.157776
2.60862 0 0 0 0.157837
2.56875 0 0 0 0.152107
2.58838 0 0 0 0.149705
2.58038 0 0 0 0.145494
2.53725 0 0 0 0.141465
2.47038 0 0 0 0.150095
2.453 0 0 0 0.162174
2.55475 0 0 0 0.16688
2.50225 0 0 0 0.165726
2.34888 0 0 0 0.167442
2.25712 0 0 0 0.165941
2.22812 0 0 0 0.163737
2.16363 0 0 0 0.166528
2.1175 0 0 0 0.164488
2.10825 0 0 0 0.164608
2.04312 0 0 0 0.164965
2.09262 0 0 0 0.165114
2.07625 0 0 0 0.169613
2.06775 0 0 0 0.169499
2.05225 0 0 0 0.17263
2.11575 0 0 0 0.173815
2.09163 0 0 0 0.175159
2.07063 0 0 0 0.176223
2.09063 0 0 0 0.176398
2.16588 0 0 0 0.174888
2.253 0 0 0 0.172682
2.234 0 0 0 0.172459
2.19937 0 0 0 0.172931
2.29575 0 0 0 0.17366
2.26363 0 0 0 0.172152
2.25 0 0 0 0.172109
2.312 0 0 0 0.172081
2.37025 0 0 0 0.172211
2.38863 0 0 0 0.172483
2.42362 0 0 0 0.17184
2.43613 0 0 0 0.171816
2.4555 0 0 0 0.170745
2.42188 0 0 0 0.171009
2.37025 0 0 0 0.172165
2.2915 0 0 0 0.171133
2.2735 0 0 0 0.170251
2.24313 0 0 0 0.16897
2.23637 0 0 0 0.168988
2.2435 0 0 0 0.168879
2.273 0 0 0 0.168816
2.28125 0 0 0 0.170047
2.30075 0 0 0 0.171486
2.28463 0 0 0 0.170944
2.26825 0 0 0 0.171737
2.31275 0 0 0 0.173596
2.292 0 0 0 0.173218
2.319 0 0 0 0.172996
2.29013 0 0 0 0.172207
2.19062 0 0 0 0.171422
2.22337 0 0 0 0.171697
2.24887 0 0 0 0.171487
2.29887 0 0 0 0.172396
2.24925 0 0 0 0.1722
2.27575 0 0 0 0.170234
2.3645 0 0 0 0.168511
2.38837 0 0 0 0.168101
2.4135 0 0 0 0.167065
2.44475 0 0 0 0.163602
2.4325 0 0 0 0.162046
2.43113 0 0 0 0.159959
2.49087 0 0 0 0.157944
2.43838 0 0 0 0.15675
2.48712 0 0 0 0.151214
2.48413 0 0 0 0.153003
2.461 0 0 0 0.149315
2.42387 0 0 0 0.143686
2.47912 0 0 0 0.144605
2.46762 0 0 0 0.1439
2.45688 0 0 0 0.137009
2.55825 0 0 0 0.136731
2.50025 0 0 0 0.129577
2.49375 0 0 0 0.122364
2.5 0 0 0 0.127801
2.44175 0 0 0 0.114956
2.43788 0 0 0 0.122177
2.38638 0 0 0 0.121332
2.412 0 0 0 0.122151
2.39312 0 0 0 0.129553
2.39188 0 0 0 0.131499
2.41838 0 0 0 0.12974
2.45225 0 0 0 0.131234
2.43113 0 0 0 0.128808
2.484 0 0 0 0.127691
2.48488 0 0 0 0.122873
2.52263 0 0 0 0.11701
2.5505 0 0 0 0.108561
2.60375 0 0 0 0.106425
2.55825 0 0 0 0.104484
2.5585 0 0 0 0.0966062
2.5635 0 0 0 0.0980225
2.55888 0 0 0 0.0892103
2.56038 0 0 0 0.09567
2.62562 0 0 0 0.103179
2.55788 0 0 0 0.10215
2.591 0 0 0 0.102133
2.58862 0 0 0 0.102495
2.614 0 0 0 0.100672
2.60938 0 0 0 0.102046
2.64262 0 0 0 0.105207
2.5955 0 0 0 0.0965862
2.6615 0 0 0 0.106276
2.66175 0 0 0 0.112142
2.5915 0 0 0 0.121963
2.55475 0 0 0 0.124386
2.47838 0 0 0 0.130093
2.45225 0 0 0 0.132083
2.3815 0 0 0 0.140289
2.36475 0 0 0 0.140708
2.42112 0 0 0 0.145617
2.389 0 0 0 0.147918
2.48913 0 0 0 0.152822
2.45475 0 0 0 0.159021
2.40413 0 0 0 0.162828
2.46425 0 0 0 0.167376
2.44062 0 0 0 0.166871
2.41438 0 0 0 0.164867
2.37562 0 0 0 0.169249
2.28825 0 0 0 0.173033
2.31575 0 0 0 0.173002
2.40987 0 0 0 0.172741
2.50787 0 0 0 0.172442
2.46263 0 0 0 0.171545
2.44888 0 0 0 0.17027
2.45288 0 0 0 0.170816
2.48875 0 0 0 0.173477
2.49975 0 0 0 0.175432
2.43138 0 0 0 0.175445
2.3305 0 0 0 0.173218
2.35375 0 0 0 0.173779
2.41838 0 0 0 0.174405
2.36638 0 0 0 0.174159
2.29425 0 0 0 0.173426
2.3125 0 0 0 0.174539
2.32662 0 0 0 0.173679
2.24775 0 0 0 0.174121
2.206 0 0 0 0.171673
2.15187 0 0 0 0.172931
2.15675 0 0 0 0.172808
2.1045 0 0 0 0.171158
2.10312 0 0 0 0.167534
2.13375 0 0 0 0.168108
2.16312 0 0 0 0.170108
2.14075 0 0 0 0.169528
2.17362 0 0 0 0.171441
2.13488 0 0 0 0.170962
2.13388 0 0 0 0.170476
2.20075 0 0 0 0.171711
2.1935 0 0 0 0.167343
2.1955 0 0 0 0.172166
2.11063 0 0 0 0.171526
2.108 0 0 0 0.173157
2.04038 0 0 0 0.175344
2.06513 0 0 0 0.175974
2.08525 0 0 0 0.17446
2.067 0 0 0 0.174374
2.0675 0 0 0 0.173118
2.00537 0 0 0 0.174338
1.9605 0 0 0 0.175471
1.9575 0 0 0 0.17568
1.98375 0 0 0 0.174748
2.0555 0 0 0 0.17314
2.0675 0 0 0 0.175502
2.03262 0 0 0 0.173942
1.95325 0 0 0 0.174806
2.03613 0 0 0 0.175496
2.07737 0 0 0 0.174927
2.0825 0 0 0 0.173705
2.07687 0 0 0 0.172664
2.135 0 0 0 0.173939
2.11475 0 0 0 0.173356
2.11512 0 0 0 0.172861
2.09587 0 0 0 0.173307
2.02925 0 0 0 0.171948
2.09625 0 0 0 0.172188
2.03288 0 0 0 0.170265
2.10537 0 0 0 0.170158
2.13 0 0 0 0.170751
2.19037 0 0 0 0.169058
2.15563 0 0 0 0.165481
2.09337 0 0 0 0.167812
2.08613 0 0 0 0.168724
2.06675 0 0 0 0.171777
2.17988 0 0 0 0.17109
2.10263 0 0 0 0.173629
2.05613 0 0 0 0.176361
2.0965 0 0 0 0.176374
2.0595 0 0 0 0.175127
1.93475 0 0 0 0.172996
2.0415 0 0 0 0.171809
2.03325 0 0 0 0.172888
2.06087 0 0 0 0.17441
1.99525 0 0 0 0.173543
2.03325 0 0 0 0.175984
2.0305 0 0 0 0.177928
2.04025 0 0 0 0.176165
2.05012 0 0 0 0.17661
2.055 0 0 0 0.176229
2.13137 0 0 0 0.174884
2.121 0 0 0 0.174955
2.16275 0 0 0 0.173257
2.13338 0 0 0 0.174645
2.15488 0 0 0 0.173391
2.21687 0 0 0 0.171917
2.222 0 0 0 0.171491
2.31312 0 0 0 0.170597
2.30213 0 0 0 0.173399
2.29338 0 0 0 0.173518
2.26275 0 0 0 0.174744
2.36425 0 0 0 0.175059
2.41775 0 0 0 0.17364
2.3645 0 0 0 0.173452
2.38163 0 0 0 0.173073
2.41887 0 0 0 0.173536
2.36063 0 0 0 0.170712
2.40437 0 0 0 0.172828
2.2625 0 0 0 0.173412
2.25963 0 0 0 0.173556
2.2265 0 0 0 0.173449
2.25687 0 0 0 0.175689
2.23787 0 0 0 0.17519
2.27363 0 0 0 0.175576
2.22525 0 0 0 0.175255
2.2005 0 0 0 0.173218
2.22562 0 0 0 0.173301
2.21037 0 0 0 0.174865
2.23988 0 0 0 0.175976
2.23075 0 0 0 0.175353
2.1805 0 0 0 0.173915
2.17925 0 0 0 0.174379
2.16838 0 0 0 0.175202
2.09425 0 0 0 0.174633
2.054 0 0 0 0.172917
2.07575 0 0 0 0.172816
2.12663 0 0 0 0.172987
2.09788 0 0 0 0.173041
2.018 0 0 0 0.173881
2.01713 0 0 0 0.173225
2.004 0 0 0 0.174424
2.07362 0 0 0 0.172767
2.00537 0 0 0 0.171622
1.91575 0 0 0 0.171819
1.91912 0 0 0 0.174538
1.93562 0 0 0 0.174738
2.00838 0 0 0 0.174813
1.95437 0 0 0 0.173699
1.86475 0 0 0 0.17462
1.93225 0 0 0 0.175276
2.00588 0 0 0 0.174839
1.998 0 0 0 0.174558
1.99212 0 0 0 0.17567
2.0895 0 0 0 0.175604
2.09875 0 0 0 0.175832
2.11925 0 0 0 0.176463
2.07425 0 0 0 0.176354
2.04287 0 0 0 0.177033
2.097 0 0 0 0.176841
2.12125 0 0 0 0.176567
2.06225 0 0 0 0.17559
2.02988 0 0 0 0.173842
2.05713 0 0 0 0.173396
2.08712 0 0 0 0.174665
2.115 0 0 0 0.17572
2.02562 0 0 0 0.175048
2.02962 0 0 0 0.173221
1.92437 0 0 0 0.174179
1.90362 0 0 0 0.174642
1.89912 0 0 0 0.17408
1.95913 0 0 0 0.175027
2.0035 0 0 0 0.174578
2.051 0 0 0 0.174115
2.04387 0 0 0 0.175188
2.12525 0 0 0 0.174885
2.113 0 0 0 0.175423
2.18712 0 0 0 0.174592
2.173 0 0 0 0.175431
2.19675 0 0 0 0.176223
2.31288 0 0 0 0.176887
2.26825 0 0 0 0.177562
2.32713 0 0 0 0.177356
2.346 0 0 0 0.17768
2.3835 0 0 0 0.176049
2.35763 0 0 0 0.173164
2.31325 0 0 0 0.172341
2.3195 0 0 0 0.173435
2.34463 0 0 0 0.171638
2.27088 0 0 0 0.170891
2.24713 0 0 0 0.17106
2.166 0 0 0 0.170257
2.12825 0 0 0 0.16595
2.12188 0 0 0 0.166653
2.12462 0 0 0 0.165266
2.09225 0 0 0 0.167201
2.03675 0 0 0 0.167404
2.01713 0 0 0 0.165055
2.0185 0 0 0 0.165759
1.93487 0 0 0 0.164498
1.9455 0 0 0 0.165209
2.08263 0 0 0 0.165827
2.21088 0 0 0 0.166254
2.22613 0 0 0 0.168286
2.19837 0 0 0 0.169991
2.12138 0 0 0 0.168409
2.17713 0 0 0 0.170789
2.064 0 0 0 0.172539
2.096 0 0 0 0.172665
2.09138 0 0 0 0.169736
2.17425 0 0 0 0.166637
2.07925 0 0 0 0.165492
2.13 0 0 0 0.161762
2.10712 0 0 0 0.165405
2.11788 0 0 0 0.168578
2.1515 0 0 0 0.169113
2.0955 0 0 0 0.168358
2.10387 0 0 0 0.16608
2.03825 0 0 0 0.16647
2.05225 0 0 0 0.168391
2.08462 0 0 0 0.162673
2.091 0 0 0 0.161342
2.07475 0 0 0 0.161318
2.0655 0 0 0 0.16163
2.07825 0 0 0 0.160128
2.0405 0 0 0 0.161998
2.06525 0 0 0 0.16142
1.99525 0 0 0 0.159732
2.05875 0 0 0 0.157393
1.98812 0 0 0 0.15942
2.02575 0 0 0 0.155307
2.04913 0 0 0 0.154379
2.09662 0 0 0 0.156427
2.137 0 0 0 0.155274
2.1125 0 0 0 0.158288
2.04013 0 0 0 0.158269
1.99175 0 0 0 0.15894
1.9595 0 0 0 0.163503
1.98775 0 0 0 0.1628
1.99588 0 0 0 0.168142
1.98713 0 0 0 0.167408
1.99012 0 0 0 0.167444
2.01587 0 0 0 0.1705
2.0365 0 0 0 0.170583
2.04625 0 0 0 0.168916
2.01662 0 0 0 0.167904
2.00712 0 0 0 0.165723
1.97637 0 0 0 0.167451
1.97138 0 0 0 0.165728
1.98287 0 0 0 0.169557
2.01213 0 0 0 0.170063
2.08087 0 0 0 0.168961
2.15725 0 0 0 0.167336
2.1275 0 0 0 0.168644
2.09262 0 0 0 0.170369
2.10462 0 0 0 0.169389
2.13375 0 0 0 0.171353
2.09112 0 0 0 0.171985
2.14763 0 0 0 0.170893
2.18513 0 0 0 0.171023
2.2065 0 0 0 0.172785
2.27825 0 0 0 0.174255
2.29712 0 0 0 0.174811
2.27312 0 0 0 0.170365
2.30025 0 0 0 0.168931
2.38013 0 0 0 0.170955
2.35787 0 0 0 0.168577
2.38413 0 0 0 0.170815
2.40937 0 0 0 0.169752
2.33513 0 0 0 0.17194
2.30912 0 0 0 0.170086
2.23663 0 0 0 0.171148
2.24788 0 0 0 0.168945
2.20438 0 0 0 0.16811
2.264 0 0 0 0.170592
2.26375 0 0 0 0.173458
2.20825 0 0 0 0.170406
2.18987 0 0 0 0.168784
2.12075 0 0 0 0.17016
2.0685 0 0 0 0.168867
2.11238 0 0 0 0.170625
2.1375 0 0 0 0.172357
2.05713 0 0 0 0.166925
2.09275 0 0 0 0.167397
2.05925 0 0 0 0.170015
2.0235 0 0 0 0.168744
2.10137 0 0 0 0.16967
2.233 0 0 0 0.170282
2.19862 0 0 0 0.170934
2.22737 0 0 0 0.167334
2.22475 0 0 0 0.167472
2.25913 0 0 0 0.168787
2.27612 0 0 0 0.169117
2.308 0 0 0 0.16897
2.2635 0 0 0 0.168012
2.35588 0 0 0 0.168415
2.40025 0 0 0 0.16911
2.28788 0 0 0 0.16808
2.3725 0 0 0 0.168943
2.355 0 0 0 0.170337
2.29663 0 0 0 0.169212
2.2565 0 0 0 0.170978
2.21862 0 0 0 0.170194
2.19713 0 0 0 0.169831
2.115 0 0 0 0.168777
1.96075 0 0 0 0.169065
1.97012 0 0 0 0.16928
1.94512 0 0 0 0.167404
1.959 0 0 0 0.166306
1.98913 0 0 0 0.161966
2.00175 0 0 0 0.160259
2.04562 0 0 0 0.164823
2.0585 0 0 0 0.168119
2.00375 0 0 0 0.170983
2.02937 0 0 0 0.166898
2.00612 0 0 0 0.167807
2.05725 0 0 0 0.169065
2.00275 0 0 0 0.16993
2.00963 0 0 0 0.171123
1.90863 0 0 0 0.169317
1.90538 0 0 0 0.170491
1.9525 0 0 0 0.171696
1.97725 0 0 0 0.1702
2.05112 0 0 0 0.168174
2.04887 0 0 0 0.169273
2.1 0 0 0 0.170401
2.058 0 0 0 0.167273
2.00275 0 0 0 0.165931
2.18025 0 0 0 0.165915
2.11575 0 0 0 0.166368
2.08062 0 0 0 0.167118
2.08175 0 0 0 0.167959
2.11813 0 0 0 0.169259
2.11112 0 0 0 0.167838
2.03875 0 0 0 0.167428
2.01412 0 0 0 0.167329
2.04013 0 0 0 0.16509
2.0175 0 0 0 0.167856
2.04763 0 0 0 0.168322
2.1355 0 0 0 0.166877
2.11125 0 0 0 0.168209
2.18688 0 0 0 0.171809
2.14463 0 0 0 0.170929
2.19375 0 0 0 0.173577
2.16875 0 0 0 0.174768
2.1895 0 0 0 0.175903
2.163 0 0 0 0.177148
2.25025 0 0 0 0.177585
2.18712 0 0 0 0.176036
2.15525 0 0 0 0.175597
2.13338 0 0 0 0.175723
2.06087 0 0 0 0.176614
2.10613 0 0 0 0.17802
2.08475 0 0 0 0.177732
2.09975 0 0 0 0.176625
2.14725 0 0 0 0.174586
2.17287 0 0 0 0.171087
2.22087 0 0 0 0.169353
2.2105 0 0 0 0.168397
2.20425 0 0 0 0.171449
2.141 0 0 0 0.167196
2.191 0 0 0 0.1668
2.12438 0 0 0 0.170044
2.17488 0 0 0 0.171384
2.08787 0 0 0 0.172833
2.09238 0 0 0 0.172396
2.15663 0 0 0 0.171745
2.09963 0 0 0 0.170805
2.14175 0 0 0 0.172035
2.21813 0 0 0 0.170441
2.15362 0 0 0 0.167873
2.18075 0 0 0 0.166566
2.17338 0 0 0 0.166205
2.13537 0 0 0 0.167
2.11837 0 0 0 0.166246
2.14637 0 0 0 0.166725
2.18213 0 0 0 0.165631
2.15062 0 0 0 0.167006
2.14325 0 0 0 0.168096
2.11512 0 0 0 0.168925
2.136 0 0 0 0.170237
2.08263 0 0 0 0.174428
2.0825 0 0 0 0.173232
2.10925 0 0 0 0.174318
2.03563 0 0 0 0.173953
2.06988 0 0 0 0.173448
2.12763 0 0 0 0.175294
2.09325 0 0 0 0.17576
2.11413 0 0 0 0.176298
2.103 0 0 0 0.175122
2.1115 0 0 0 0.174681
2.11088 0 0 0 0.174514
2.138 0 0 0 0.174802
2.16237 0 0 0 0.174578
2.218 0 0 0 0.174449
2.11025 0 0 0 0.172736
2.10688 0 0 0 0.17069
2.01 0 0 0 0.169973
2.101 0 0 0 0.168529
2.14825 0 0 0 0.17054
2.12688 0 0 0 0.170619
2.11375 0 0 0 0.169857
2.212 0 0 0 0.17247
2.16913 0 0 0 0.173945
2.07488 0 0 0 0.174266
2.0205 0 0 0 0.176565
1.99487 0 0 0 0.176058
2.077 0 0 0 0.175826
2.07925 0 0 0 0.176198
1.9895 0 0 0 0.176302
2.01662 0 0 0 0.175976
2.04263 0 0 0 0.175469
2.11025 0 0 0 0.175272
2.19112 0 0 0 0.173747
2.20463 0 0 0 0.172352
2.31562 0 0 0 0.173919
2.26887 0 0 0 0.172146
2.27188 0 0 0 0.175131
2.30375 0 0 0 0.171755
2.348 0 0 0 0.16769
2.3325 0 0 0 0.16714
2.38825 0 0 0 0.16827
2.38025 0 0 0 0.17064
2.4165 0 0 0 0.168317
2.44425 0 0 0 0.173326
2.42525 0 0 0 0.173472
2.3665 0 0 0 0.174426
2.42075 0 0 0 0.173176
2.41162 0 0 0 0.17238
2.46362 0 0 0 0.173067
2.48612 0 0 0 0.172003
2.49825 0 0 0 0.169912
2.58438 0 0 0 0.169712
2.613 0 0 0 0.171103
2.61987 0 0 0 0.173289
2.6185 0 0 0 0.173207
2.58537 0 0 0 0.172858
2.54763 0 0 0 0.173823
2.464 0 0 0 0.176182
2.41387 0 0 0 0.176219
2.3885 0 0 0 0.175785
2.337 0 0 0 0.176404
2.32662 0 0 0 0.171239
2.283 0 0 0 0.175252
2.25563 0 0 0 0.176368
2.21188 0 0 0 0.176841
2.21475 0 0 0 0.175548
2.151 0 0 0 0.176866
2.15912 0 0 0 0.177177
2.119 0 0 0 0.17576
2.06062 0 0 0 0.17309
2.095 0 0 0 0.17341
2.10175 0 0 0 0.171957
2.10962 0 0 0 0.171043
2.14737 0 0 0 0.172104
2.10338 0 0 0 0.171229
2.04162 0 0 0 0.171877
2.07437 0 0 0 0.169254
2.05687 0 0 0 0.164149
2.009 0 0 0 0.166658
1.978 0 0 0 0.165436
1.993 0 0 0 0.166747
1.99463 0 0 0 0.170389
1.97913 0 0 0 0.170697
1.935 0 0 0 0.173421
1.967 0 0 0 0.174424
2.02675 0 0 0 0.170956
1.98737 0 0 0 0.170204
2.003 0 0 0 0.169498
2.009 0 0 0 0.170898
2.05488 0 0 0 0.170813
2.08838 0 0 0 0.170938
2.11825 0 0 0 0.17037
2.08175 0 0 0 0.169701
2.16425 0 0 0 0.172037
2.13687 0 0 0 0.171875
2.1825 0 0 0 0.171906
2.23312 0 0 0 0.17024
2.25375 0 0 0 0.170056
2.266 0 0 0 0.167959
2.24887 0 0 0 0.167358
2.29525 0 0 0 0.169242
2.315 0 0 0 0.170039
2.31663 0 0 0 0.172066
2.403 0 0 0 0.168247
2.40275 0 0 0 0.167709
2.54813 0 0 0 0.171896
2.50438 0 0 0 0.171973
2.55888 0 0 0 0.170985
2.48212 0 0 0 0.172183
2.50488 0 0 0 0.167478
2.45788 0 0 0 0.170201
2.53412 0 0 0 0.168463
2.504 0 0 0 0.169604
2.46025 0 0 0 0.170066
2.41962 0 0 0 0.17089
2.37962 0 0 0 0.170804
2.42687 0 0 0 0.169815
2.41913 0 0 0 0.169805
2.42563 0 0 0 0.167949
2.36287 0 0 0 0.16769
2.43712 0 0 0 0.169006
2.44 0 0 0 0.172417
2.37138 0 0 0 0.17236
2.4585 0 0 0 0.170606
2.38287 0 0 0 0.168699
2.42163 0 0 0 0.166526
2.35938 0 0 0 0.166562
2.44787 0 0 0 0.163339
2.48462 0 0 0 0.161661
2.51837 0 0 0 0.162127
2.447 0 0 0 0.165198
2.376 0 0 0 0.168398
2.42088 0 0 0 0.16743
2.432 0 0 0 0.167977
2.48212 0 0 0 0.170212
2.48588 0 0 0 0.169807
2.503 0 0 0 0.172428
2.34775 0 0 0 0.174265
2.31075 0 0 0 0.174071
2.3295 0 0 0 0.174621
2.38537 0 0 0 0.175444
2.35188 0 0 0 0.17629
2.35875 0 0 0 0.176922
2.3935 0 0 0 0.177669
2.40112 0 0 0 0.176392
2.33688 0 0 0 0.174928
2.3585 0 0 0 0.174798
2.36325 0 0 0 0.173294
2.3365 0 0 0 0.173655
2.32938 0 0 0 0.173698
2.45162 0 0 0 0.174294
2.44025 0 0 0 0.175093
2.45975 0 0 0 0.17578
2.398 0 0 0 0.174514
2.29413 0 0 0 0.173521
2.26112 0 0 0 0.174916
2.23725 0 0 0 0.175325
2.29062 0 0 0 0.174273
2.367 0 0 0 0.174455
2.31875 0 0 0 0.174389
2.3375 0 0 0 0.171818
2.34762 0 0 0 0.168051
2.36212 0 0 0 0.168886
2.405 0 0 0 0.168649
2.45063 0 0 0 0.165014
2.53375 0 0 0 0.168375
2.49325 0 0 0 0.168574
2.497 0 0 0 0.171239
2.626 0 0 0 0.167945
2.55963 0 0 0 0.164
2.52675 0 0 0 0.162815
2.46625 0 0 0 0.165782
2.37962 0 0 0 0.166431
2.36512 0 0 0 0.169008
2.36612 0 0 0 0.170179
2.28638 0 0 0 0.167342
2.28112 0 0 0 0.169211
2.32213 0 0 0 0.168058
2.263 0 0 0 0.167688
2.1975 0 0 0 0.169267
2.17287 0 0 0 0.171024
2.14887 0 0 0 0.17421
2.05938 0 0 0 0.174755
2.03925 0 0 0 0.174455
2.06862 0 0 0 0.175281
2.128 0 0 0 0.174378
2.18925 0 0 0 0.174426
2.19062 0 0 0 0.173844
2.23037 0 0 0 0.173894
2.27125 0 0 0 0.173875
2.2305 0 0 0 0.171874
2.30863 0 0 0 0.171354
2.3 0 0 0 0.173249
2.23175 0 0 0 0.174109
2.28463 0 0 0 0.174473
2.27325 0 0 0 0.173793
2.30987 0 0 0 0.174555
2.16225 0 0 0 0.174152
2.15212 0 0 0 0.173035
2.19937 0 0 0 0.173907
2.17375 0 0 0 0.171644
2.14962 0 0 0 0.170796
2.15625 0 0 0 0.171242
2.07662 0 0 0 0.171065
1.97975 0 0 0 0.170755
1.99887 0 0 0 0.170604
1.883 0 0 0 0.171817
1.78937 0 0 0 0.169554
1.713 0 0 0 0.169404
1.78363 0 0 0 0.169074
1.6135 0 0 0 0.170318
1.66488 0 0 0 0.170661
1.73113 0 0 0 0.171344
1.70063 0 0 0 0.171478
1.65187 0 0 0 0.172526
1.5895 0 0 0 0.17476
1.67938 0 0 0 0.175798
1.73175 0 0 0 0.177122
1.64762 0 0 0 0.17769
1.64775 0 0 0 0.177541
1.69375 0 0 0 0.177061
1.78412 0 0 0 0.177223
1.74038 0 0 0 0.177138
1.6385 0 0 0 0.176644
1.65075 0 0 0 0.176555
1.62963 0 0 0 0.176538
1.62925 0 0 0 0.17664
1.62088 0 0 0 0.177153
1.64413 0 0 0 0.175462
1.70325 0 0 0 0.174135
1.67312 0 0 0 0.17493
1.70237 0 0 0 0.17628
1.7565 0 0 0 0.176112
1.72812 0 0 0 0.176683
1.732 0 0 0 0.175337
1.6745 0 0 0 0.175627
1.68312 0 0 0 0.176764
1.76775 0 0 0 0.176887
1.76113 0 0 0 0.176585
1.7495 0 0 0 0.177325
1.79563 0 0 0 0.176566
1.826 0 0 0 0.17589
1.86088 0 0 0 0.176064
1.87563 0 0 0 0.176269
1.90488 0 0 0 0.175633
1.943 0 0 0 0.176149
1.94825 0 0 0 0.176049
1.96925 0 0 0 0.176504
2.0195 0 0 0 0.175597
2.01638 0 0 0 0.17587
1.98838 0 0 0 0.174097
1.9 0 0 0 0.175692
1.88325 0 0 0 0.175813
1.8155 0 0 0 0.175923
1.922 0 0 0 0.176639
1.97625 0 0 0 0.176377
2.08787 0 0 0 0.178001
2.12513 0 0 0 0.177669
2.29175 0 0 0 0.178526
2.37513 0 0 0 0.178518
2.41275 0 0 0 0.177608
2.39688 0 0 0 0.177901
2.29287 0 0 0 0.176749
2.32037 0 0 0 0.176787
2.312 0 0 0 0.176801
2.22225 0 0 0 0.175859
2.23013 0 0 0 0.175925
2.18187 0 0 0 0.174872
2.10675 0 0 0 0.175401
2.05925 0 0 0 0.176612
2.0925 0 0 0 0.175673
2.01538 0 0 0 0.175737
1.9735 0 0 0 0.1765
2.00787 0 0 0 0.176027
1.99263 0 0 0 0.176793
1.94988 0 0 0 0.17596
1.9415 0 0 0 0.174608
1.90625 0 0 0 0.172477
1.9245 0 0 0 0.170256
1.87925 0 0 0 0.170832
1.82775 0 0 0 0.172633
1.88563 0 0 0 0.173725
1.98125 0 0 0 0.170868
1.99025 0 0 0 0.171602
2.03112 0 0 0 0.170464
1.99887 0 0 0 0.171964
2.00612 0 0 0 0.17245
1.92 0 0 0 0.173263
1.967 0 0 0 0.173897
1.947 0 0 0 0.174161
1.965 0 0 0 0.175017
2.0115 0 0 0 0.172256
2.0105 0 0 0 0.171727
2.00712 0 0 0 0.173652
1.90837 0 0 0 0.171559
1.9325 0 0 0 0.172249
1.96637 0 0 0 0.17054
2.03087 0 0 0 0.170278
2.0065 0 0 0 0.170646
2.08625 0 0 0 0.172897
2.1315 0 0 0 0.173156
2.1575 0 0 0 0.172864
2.174 0 0 0 0.174518
2.2975 0 0 0 0.172919
2.39825 0 0 0 0.172586
2.43475 0 0 0 0.172233
2.45463 0 0 0 0.172115
2.46175 0 0 0 0.171057
2.5195 0 0 0 0.170575
2.51262 0 0 0 0.169575
2.47063 0 0 0 0.170261
2.4795 0 0 0 0.169064
2.56937 0 0 0 0.170293
2.56862 0 0 0 0.170716
2.57888 0 0 0 0.17108
2.60988 0 0 0 0.172217
2.68162 0 0 0 0.170903
2.71837 0 0 0 0.170238
2.71837 0 0 0 0.171588
2.75913 0 0 0 0.169678
2.8105 0 0 0 0.172818
2.84938 0 0 0 0.173332
2.87113 0 0 0 0.172751
2.83475 0 0 0 0.170667
2.90713 0 0 0 0.173284
2.94263 0 0 0 0.170681
2.91988 0 0 0 0.170316
2.88025 0 0 0 0.169447
2.79813 0 0 0 0.168418
2.8005 0 0 0 0.167038
2.85625 0 0 0 0.164026
2.77775 0 0 0 0.165995
2.80088 0 0 0 0.162543
2.802 0 0 0 0.161167
2.79825 0 0 0 0.159245
2.84775 0 0 0 0.162292
2.8245 0 0 0 0.161352
2.77625 0 0 0 0.159238
2.83663 0 0 0 0.159718
2.85275 0 0 0 0.1612
2.90088 0 0 0 0.162935
2.91125 0 0 0 0.162509
2.95587 0 0 0 0.163847
3.02013 0 0 0 0.167192
3.04162 0 0 0 0.167122
3.01325 0 0 0 0.167931
3.03938 0 0 0 0.166929
2.97038 0 0 0 0.165471
2.869 0 0 0 0.167174
2.82662 0 0 0 0.163993
2.791 0 0 0 0.162199
2.698 0 0 0 0.163121
2.69625 0 0 0 0.165048
2.65325 0 0 0 0.168913
2.63088 0 0 0 0.171868
2.48787 0 0 0 0.169057
2.4925 0 0 0 0.167927
2.54887 0 0 0 0.164959
2.64475 0 0 0 0.164408
2.60475 0 0 0 0.163107
2.61475 0 0 0 0.158833
2.62138 0 0 0 0.157087
2.64387 0 0 0 0.158653
2.60438 0 0 0 0.155156
2.671 0 0 0 0.160662
2.69037 0 0 0 0.151819
2.76662 0 0 0 0.156898
2.758 0 0 0 0.156506
2.7715 0 0 0 0.162662
2.82725 0 0 0 0.159577
2.79475 0 0 0 0.160848
2.77075 0 0 0 0.159096
2.6635 0 0 0 0.164257
2.64337 0 0 0 0.165895
2.651 0 0 0 0.161412
2.57463 0 0 0 0.160079
2.52787 0 0 0 0.154632
2.51063 0 0 0 0.154711
2.55075 0 0 0 0.165175
2.67013 0 0 0 0.167122
2.71675 0 0 0 0.165707
2.69937 0 0 0 0.166147
2.7525 0 0 0 0.161675
2.78625 0 0 0 0.162433
2.72688 0 0 0 0.16616
2.687 0 0 0 0.166664
2.6705 0 0 0 0.165568
2.696 0 0 0 0.166335
2.74875 0 0 0 0.166835
2.73188 0 0 0 0.165016
2.64787 0 0 0 0.165524
2.6875 0 0 0 0.162748
2.76012 0 0 0 0.160441
2.61963 0 0 0 0.160301
2.64613 0 0 0 0.158327
2.5645 0 0 0 0.15708
2.51587 0 0 0 0.155069
2.48113 0 0 0 0.149842
2.46513 0 0 0 0.151562
2.4495 0 0 0 0.152931
2.44762 0 0 0 0.160798
2.503 0 0 0 0.164252
2.48025 0 0 0 0.162729
2.46525 0 0 0 0.164997
2.45412 0 0 0 0.163702
2.495 0 0 0 0.163758
2.45812 0 0 0 0.162308
2.46825 0 0 0 0.157569
2.46925 0 0 0 0.160799
2.56675 0 0 0 0.160401
2.56125 0 0 0 0.152781
2.55737 0 0 0 0.152014
2.634 0 0 0 0.151929
2.76425 0 0 0 0.155148
2.724 0 0 0 0.152187
2.6395 0 0 0 0.149096
2.70525 0 0 0 0.144627
2.65263 0 0 0 0.137181
2.64863 0 0 0 0.138517
2.65762 0 0 0 0.132906
2.557 0 0 0 0.131632
2.5855 0 0 0 0.133173
2.55863 0 0 0 0.132958
2.63875 0 0 0 0.141009
2.61788 0 0 0 0.146302
2.62138 0 0 0 0.147278
2.72587 0 0 0 0.151327
2.7625 0 0 0 0.150278
2.7275 0 0 0 0.144999
2.60625 0 0 0 0.138258
2.54462 0 0 0 0.1335
2.5665 0 0 0 0.126328
2.54875 0 0 0 0.132371
2.52925 0 0 0 0.135612
2.49987 0 0 0 0.130099
2.4595 0 0 0 0.131444
2.47925 0 0 0 0.142048
2.49587 0 0 0 0.143363
2.51925 0 0 0 0.143082
2.553 0 0 0 0.143226
2.5795 0 0 0 0.149351
2.58162 0 0 0 0.153437
2.66012 0 0 0 0.145974
2.65525 0 0 0 0.149825
2.67687 0 0 0 0.144481
2.6485 0 0 0 0.142753
2.633 0 0 0 0.144158
2.55687 0 0 0 0.142386
2.54125 0 0 0 0.145336
2.53525 0 0 0 0.140534
2.61888 0 0 0 0.148353
2.57362 0 0 0 0.15221
2.526 0 0 0 0.151768
2.48963 0 0 0 0.15735
2.52663 0 0 0 0.159719
2.4175 0 0 0 0.156959
2.33325 0 0 0 0.160417
2.33588 0 0 0 0.161572
2.26337 0 0 0 0.159596
2.30613 0 0 0 0.159221
2.28575 0 0 0 0.156276
2.31075 0 0 0 0.147609
2.36713 0 0 0 0.157795
2.37688 0 0 0 0.162526
2.36488 0 0 0 0.160425
2.37925 0 0 0 0.158259
2.2245 0 0 0 0.163022
2.24187 0 0 0 0.168389
2.24213 0 0 0 0.170108
2.42062 0 0 0 0.166221
2.485 0 0 0 0.162752
2.43637 0 0 0 0.161253
2.3595 0 0 0 0.156714
2.305 0 0 0 0.164759
2.34112 0 0 0 0.158511
2.2885 0 0 0 0.164771
2.33588 0 0 0 0.164989
2.37038 0 0 0 0.167389
2.40775 0 0 0 0.169569
2.4485 0 0 0 0.17035
2.42588 0 0 0 0.170438
2.38075 0 0 0 0.172727
2.45625 0 0 0 0.172082
2.46575 0 0 0 0.173125
2.45463 0 0 0 0.174348
2.47425 0 0 0 0.174421
2.37113 0 0 0 0.174136
2.39562 0 0 0 0.174673
2.43113 0 0 0 0.174155
2.49675 0 0 0 0.172656
2.44925 0 0 0 0.173109
2.45412 0 0 0 0.172132
2.485 0 0 0 0.173299
2.4735 0 0 0 0.173941
2.47438 0 0 0 0.175037
2.49463 0 0 0 0.173026
2.4775 0 0 0 0.172209
2.58513 0 0 0 0.172522
2.55012 0 0 0 0.173741
2.55525 0 0 0 0.171896
2.5425 0 0 0 0.171286
2.51037 0 0 0 0.170798
2.54425 0 0 0 0.168251
2.60275 0 0 0 0.165306
2.59262 0 0 0 0.166283
2.60162 0 0 0 0.162707
2.53737 0 0 0 0.160435
2.51363 0 0 0 0.163112
2.4915 0 0 0 0.161097
2.44175 0 0 0 0.156016
2.53288 0 0 0 0.15742
2.49713 0 0 0 0.155471
2.50163 0 0 0 0.155235
2.5405 0 0 0 0.14888
2.5925 0 0 0 0.133552
2.69762 0 0 0 0.136487
2.75537 0 0 0 0.141548
2.78525 0 0 0 0.146826
2.79488 0 0 0 0.138465
2.79738 0 0 0 0.136949
2.797 0 0 0 0.145346
2.8535 0 0 0 0.144969
2.80662 0 0 0 0.148371
2.90263 0 0 0 0.139675
2.91725 0 0 0 0.134824
2.90425 0 0 0 0.139867
2.86713 0 0 0 0.141735
2.9215 0 0 0 0.134982
2.90713 0 0 0 0.128026
2.88537 0 0 0 0.14143
2.88163 0 0 0 0.12954
2.8885 0 0 0 0.132088
2.95812 0 0 0 0.141888
2.94163 0 0 0 0.139941
2.9525 0 0 0 0.148893
2.92975 0 0 0 0.146623
2.872 0 0 0 0.155696
2.94675 0 0 0 0.154171
2.98588 0 0 0 0.152568
2.9175 0 0 0 0.157399
2.8835 0 0 0 0.163285
2.8825 0 0 0 0.164591
2.89913 0 0 0 0.166403
2.93087 0 0 0 0.167418
2.93575 0 0 0 0.168336
3.0035 0 0 0 0.169958
3.05012 0 0 0 0.172969
3.03138 0 0 0 0.172366
3.028 0 0 0 0.172071
2.95587 0 0 0 0.172011
2.84262 0 0 0 0.172913
2.72887 0 0 0 0.174964
2.713 0 0 0 0.175234
2.532 0 0 0 0.176236
2.499 0 0 0 0.173573
2.49187 0 0 0 0.175737
2.35025 0 0 0 0.175504
2.3355 0 0 0 0.174465
2.33012 0 0 0 0.175495
2.37763 0 0 0 0.174563
2.28662 0 0 0 0.174204
2.27775 0 0 0 0.174076
2.37113 0 0 0 0.174234
2.39213 0 0 0 0.176029
2.40512 0 0 0 0.175442
2.22775 0 0 0 0.175508
2.21837 0 0 0 0.176759
2.21913 0 0 0 0.17667
2.22763 0 0 0 0.176128
2.2315 0 0 0 0.175611
2.22512 0 0 0 0.176051
2.1765 0 0 0 0.17362
2.15725 0 0 0 0.174169
2.28775 0 0 0 0.174934
2.29763 0 0 0 0.175725
2.3365 0 0 0 0.174069
2.35125 0 0 0 0.174308
2.36313 0 0 0 0.176025
2.401 0 0 0 0.176097
2.42037 0 0 0 0.17599
2.43363 0 0 0 0.175391
2.38675 0 0 0 0.174532
2.42837 0 0 0 0.173133
2.47662 0 0 0 0.17365
2.49925 0 0 0 0.174642
2.522 0 0 0 0.175747
2.55275 0 0 0 0.174241
2.49887 0 0 0 0.173635
2.41162 0 0 0 0.174027
2.50513 0 0 0 0.173383
2.53012 0 0 0 0.172918
2.53475 0 0 0 0.173136
2.469 0 0 0 0.172581
2.55337 0 0 0 0.17349
2.43913 0 0 0 0.175029
2.41675 0 0 0 0.176613
2.37387 0 0 0 0.174649
2.33338 0 0 0 0.175959
2.28887 0 0 0 0.177169
2.27738 0 0 0 0.17613
2.15725 0 0 0 0.176776
2.16325 0 0 0 0.176781
2.06825 0 0 0 0.176522
2.01112 0 0 0 0.175812
1.98937 0 0 0 0.176809
1.92312 0 0 0 0.175783
1.84238 0 0 0 0.174948
1.80225 0 0 0 0.17406
1.89725 0 0 0 0.173589
1.85675 0 0 0 0.174704
1.87738 0 0 0 0.174496
1.82325 0 0 0 0.174468
1.80675 0 0 0 0.174453
1.90775 0 0 0 0.175713
1.91162 0 0 0 0.175395
1.979 0 0 0 0.176696
1.98537 0 0 0 0.175885
1.95338 0 0 0 0.17656
2.00275 0 0 0 0.177106
2.11112 0 0 0 0.176476
2.03812 0 0 0 0.17698
2.06075 0 0 0 0.177174
2.11512 0 0 0 0.176093
2.00137 0 0 0 0.17781
2.02712 0 0 0 0.177735
1.96637 0 0 0 0.177518
1.90625 0 0 0 0.17734
1.8745 0 0 0 0.176675
1.868 0 0 0 0.17726
1.8215 0 0 0 0.177297
1.77662 0 0 0 0.177848
1.70913 0 0 0 0.177128
1.67088 0 0 0 0.177413
1.65187 0 0 0 0.177825
1.71 0 0 0 0.177945
1.734 0 0 0 0.177971
1.7335 0 0 0 0.178413
1.708 0 0 0 0.178131
1.71487 0 0 0 0.178376
1.771 0 0 0 0.17787
1.73425 0 0 0 0.177875
1.73025 0 0 0 0.177568
1.81862 0 0 0 0.177617
1.87725 0 0 0 0.177436
1.8585 0 0 0 0.176197
1.88013 0 0 0 0.177141
1.88338 0 0 0 0.176732
1.7635 0 0 0 0.176998
1.80113 0 0 0 0.177268
1.83987 0 0 0 0.177277
1.84525 0 0 0 0.17709
1.86462 0 0 0 0.175952
1.89925 0 0 0 0.176728
1.91437 0 0 0 0.175171
1.89025 0 0 0 0.173455
1.95837 0 0 0 0.172213
1.85888 0 0 0 0.170297
1.94575 0 0 0 0.169338
1.87512 0 0 0 0.168976
1.83262 0 0 0 0.168973
1.86688 0 0 0 0.167693
1.8865 0 0 0 0.168774
2.02687 0 0 0 0.170674
2.03812 0 0 0 0.17152
2.08962 0 0 0 0.171729
2.10263 0 0 0 0.166905
2.16 0 0 0 0.168029
2.10525 0 0 0 0.167661
2.13762 0 0 0 0.165375
2.162 0 0 0 0.158944
2.22812 0 0 0 0.155056
2.25913 0 0 0 0.162134
2.26437 0 0 0 0.162571
2.30138 0 0 0 0.160078
2.2825 0 0 0 0.162311
2.2385 0 0 0 0.165754
2.24575 0 0 0 0.170214
2.2645 0 0 0 0.169272
2.24325 0 0 0 0.168293
2.264 0 0 0 0.166849
2.27237 0 0 0 0.16981
2.32825 0 0 0 0.17136
2.31637 0 0 0 0.173488
2.34538 0 0 0 0.173532
2.324 0 0 0 0.174947
2.30825 0 0 0 0.172747
2.345 0 0 0 0.173427
2.32325 0 0 0 0.17327
2.405 0 0 0 0.173813
2.39312 0 0 0 0.170478
2.50888 0 0 0 0.171664
2.51238 0 0 0 0.17113
2.51775 0 0 0 0.170019
2.57063 0 0 0 0.170581
2.61925 0 0 0 0.170754
2.69275 0 0 0 0.170359
2.78775 0 0 0 0.166341
2.80425 0 0 0 0.161182
2.8105 0 0 0 0.159287
2.77525 0 0 0 0.163015
2.81312 0 0 0 0.160134
2.78812 0 0 0 0.166691
2.79162 0 0 0 0.168811
2.76925 0 0 0 0.168946
2.85 0 0 0 0.169988
2.90437 0 0 0 0.168127
2.96225 0 0 0 0.160508
2.96312 0 0 0 0.157838
2.95625 0 0 0 0.157193
2.95012 0 0 0 0.158512
2.938 0 0 0 0.161152
2.86475 0 0 0 0.158262
2.81838 0 0 0 0.153846
2.88063 0 0 0 0.159118
2.84575 0 0 0 0.158097
2.867 0 0 0 0.161895
2.9475 0 0 0 0.161116
2.91213 0 0 0 0.163385
2.97038 0 0 0 0.161036
2.977 0 0 0 0.164514
3.01925 0 0 0 0.165942
2.98862 0 0 0 0.163872
2.922 0 0 0 0.164051
2.90375 0 0 0 0.1663
2.98088 0 0 0 0.170025
2.95512 0 0 0 0.167894
2.975 0 0 0 0.166005
3.09238 0 0 0 0.163151
3.10537 0 0 0 0.154676
3.088 0 0 0 0.152383
3.092 0 0 0 0.149928
3.06013 0 0 0 0.148634
3.05063 0 0 0 0.146048
3.06937 0 0 0 0.135186
3.05638 0 0 0 0.137278
3.01688 0 0 0 0.143723
3.07275 0 0 0 0.139369
3.1015 0 0 0 0.134439
3.05475 0 0 0 0.120106
3.03538 0 0 0 0.114816
3.016 0 0 0 0.122214
2.93688 0 0 0 0.117025
2.88813 0 0 0 0.117692
2.85288 0 0 0 0.127023
2.82875 0 0 0 0.120351
2.82025 0 0 0 0.120896
2.789 0 0 0 0.124364
2.81725 0 0 0 0.124407
2.81813 0 0 0 0.13607
2.83962 0 0 0 0.142614
2.88675 0 0 0 0.141835
2.88375 0 0 0 0.142021
2.82762 0 0 0 0.136068
2.87425 0 0 0 0.140352
2.86587 0 0 0 0.144537
2.85075 0 0 0 0.149117
2.84437 0 0 0 0.137923
2.74737 0 0 0 0.124994
2.60562 0 0 0 0.131347
2.68337 0 0 0 0.136237
2.83625 0 0 0 0.138813
2.79712 0 0 0 0.1354
2.73075 0 0 0 0.136731
2.657 0 0 0 0.133206
2.6105 0 0 0 0.138911
2.6075 0 0 0 0.127363
2.58125 0 0 0 0.121282
2.65287 0 0 0 0.104959
2.746 0 0 0 0.0911345
2.7465 0 0 0 0.0930834
2.69512 0 0 0 0.0924146
2.65325 0 0 0 0.0964743
2.64138 0 0 0 0.0848398
2.72538 0 0 0 0.0974894
2.739 0 0 0 0.0989946
2.81212 0 0 0 0.0954593
2.81738 0 0 0 0.0984663
2.83787 0 0 0 0.11939
2.8585 0 0 0 0.111685
2.7395 0 0 0 0.110665
2.78262 0 0 0 0.118168
2.77462 0 0 0 0.117986
2.71825 0 0 0 0.125538
2.628 0 0 0 0.13441
2.637 0 0 0 0.14042
2.65575 0 0 0 0.14192
2.59987 0 0 0 0.144038
2.59375 0 0 0 0.148699
2.62113 0 0 0 0.144437
2.51812 0 0 0 0.145184
2.54712 0 0 0 0.141518
2.47587 0 0 0 0.141698
2.53213 0 0 0 0.146804
2.54637 0 0 0 0.150129
2.52225 0 0 0 0.155301
2.50637 0 0 0 0.159279
2.48025 0 0 0 0.15937
2.56475 0 0 0 0.159038
2.59225 0 0 0 0.159858
2.60338 0 0 0 0.161861
2.639 0 0 0 0.16559
2.53775 0 0 0 0.164882
2.60588 0 0 0 0.167041
2.60787 0 0 0 0.167307
2.5925 0 0 0 0.167
2.50687 0 0 0 0.167938
2.49162 0 0 0 0.168373
2.43637 0 0 0 0.169554
2.41838 0 0 0 0.1715
2.34538 0 0 0 0.171653
2.298 0 0 0 0.171535
2.21413 0 0 0 0.172116
2.20363 0 0 0 0.173535
2.222 0 0 0 0.172577
2.14775 0 0 0 0.172712
2.22175 0 0 0 0.173091
2.13575 0 0 0 0.171777
2.19912 0 0 0 0.171368
2.22487 0 0 0 0.171185
2.25475 0 0 0 0.171498
2.22438 0 0 0 0.170614
2.16375 0 0 0 0.170932
2.15037 0 0 0 0.170022
2.18538 0 0 0 0.171399
2.159 0 0 0 0.169396
2.24313 0 0 0 0.167893
2.21837 0 0 0 0.166382
2.18425 0 0 0 0.164425
2.185 0 0 0 0.166391
2.15225 0 0 0 0.167465
2.18237 0 0 0 0.164385
2.18 0 0 0 0.166712
2.25062 0 0 0 0.165006
2.25625 0 0 0 0.167032
2.27738 0 0 0 0.168459
2.28112 0 0 0 0.167855
2.23025 0 0 0 0.167603
2.20363 0 0 0 0.169881
2.18688 0 0 0 0.171301
2.1365 0 0 0 0.170299
2.07213 0 0 0 0.170281
2.094 0 0 0 0.168635
2.11888 0 0 0 0.166918
2.133 0 0 0 0.165122
2.13675 0 0 0 0.16683
2.18688 0 0 0 0.166587
2.252 0 0 0 0.17039
2.1685 0 0 0 0.169823
2.19888 0 0 0 0.170073
2.18825 0 0 0 0.171449
2.157 0 0 0 0.172058
2.26388 0 0 0 0.171551
2.23338 0 0 0 0.172789
2.30163 0 0 0 0.170545
2.29625 0 0 0 0.169988
2.17612 0 0 0 0.170669
2.25762 0 0 0 0.171068
2.25025 0 0 0 0.171751
2.19888 0 0 0 0.170944
2.13088 0 0 0 0.167128
2.03175 0 0 0 0.168048
2.21325 0 0 0 0.163081
2.16887 0 0 0 0.164119
2.12538 0 0 0 0.164126
2.1155 0 0 0 0.165056
2.08062 0 0 0 0.170949
2.14812 0 0 0 0.17129
2.17362 0 0 0 0.171889
2.12337 0 0 0 0.172579
2.22788 0 0 0 0.173385
2.19638 0 0 0 0.172778
2.22538 0 0 0 0.17443
2.13725 0 0 0 0.173891
2.198 0 0 0 0.17344
2.24225 0 0 0 0.172797
2.13375 0 0 0 0.17464
2.01475 0 0 0 0.172864
2.03725 0 0 0 0.173416
2.09313 0 0 0 0.175158
2.07888 0 0 0 0.17431
2.03313 0 0 0 0.174604
2.0555 0 0 0 0.173555
2.04612 0 0 0 0.174926
1.9965 0 0 0 0.173079
1.9975 0 0 0 0.173922
1.97687 0 0 0 0.174863
1.95312 0 0 0 0.174495
2.02088 0 0 0 0.175525
2.0065 0 0 0 0.176292
1.96325 0 0 0 0.176293
2.03275 0 0 0 0.174992
2.06663 0 0 0 0.174679
2.14387 0 0 0 0.175508
2.1605 0 0 0 0.175193
2.18725 0 0 0 0.175847
2.2735 0 0 0 0.173748
2.19625 0 0 0 0.175498
2.07875 0 0 0 0.176318
2.1805 0 0 0 0.176361
2.1295 0 0 0 0.176566
2.15037 0 0 0 0.176618
2.03425 0 0 0 0.175902
1.98825 0 0 0 0.175336
2.02025 0 0 0 0.17445
2.10288 0 0 0 0.173037
2.04438 0 0 0 0.172418
2.03788 0 0 0 0.170917
2.02125 0 0 0 0.170462
2.06937 0 0 0 0.169655
2.09525 0 0 0 0.168748
2.07713 0 0 0 0.163034
2.07888 0 0 0 0.162823
2.11225 0 0 0 0.162163
2.2635 0 0 0 0.160586
2.23838 0 0 0 0.158781
2.19825 0 0 0 0.164647
2.26538 0 0 0 0.162825
2.27888 0 0 0 0.162383
2.27513 0 0 0 0.156321
2.29562 0 0 0 0.150566
2.25287 0 0 0 0.152311
2.22525 0 0 0 0.148699
2.20775 0 0 0 0.146987
2.22187 0 0 0 0.152563
2.30775 0 0 0 0.154312
2.31663 0 0 0 0.15015
2.34 0 0 0 0.142152
2.37862 0 0 0 0.148955
2.38338 0 0 0 0.150731
2.40125 0 0 0 0.148342
2.36287 0 0 0 0.147016
2.39325 0 0 0 0.151693
2.38325 0 0 0 0.153884
2.3785 0 0 0 0.150139
2.372 0 0 0 0.152495
2.4245 0 0 0 0.151914
2.38338 0 0 0 0.156136
2.29075 0 0 0 0.154666
2.31712 0 0 0 0.150315
2.3525 0 0 0 0.146898
2.402 0 0 0 0.145479
2.36088 0 0 0 0.146681
2.34512 0 0 0 0.150709
2.32713 0 0 0 0.149701
2.42313 0 0 0 0.153295
2.45162 0 0 0 0.159076
2.46238 0 0 0 0.158729
2.41525 0 0 0 0.157986
2.47337 0 0 0 0.158113
2.5135 0 0 0 0.161187
2.50838 0 0 0 0.159619
2.52363 0 0 0 0.160187
2.5675 0 0 0 0.159931
2.669 0 0 0 0.161723
2.639 0 0 0 0.162158
2.63713 0 0 0 0.162035
2.57812 0 0 0 0.159614
2.52838 0 0 0 0.161008
2.53837 0 0 0 0.16299
2.4925 0 0 0 0.163841
2.55362 0 0 0 0.163899
2.57687 0 0 0 0.165389
2.62175 0 0 0 0.163515
2.55037 0 0 0 0.162197
2.44263 0 0 0 0.163353
2.43475 0 0 0 0.165078
2.52363 0 0 0 0.163675
2.57687 0 0 0 0.164901
2.47388 0 0 0 0.163269
2.4415 0 0 0 0.162847
2.47962 0 0 0 0.165157
2.40563 0 0 0 0.16274
2.386 0 0 0 0.167149
2.37062 0 0 0 0.167088
2.38225 0 0 0 0.168225
2.42725 0 0 0 0.169574
2.47325 0 0 0 0.170724
2.44512 0 0 0 0.171995
2.45562 0 0 0 0.17363
2.48738 0 0 0 0.174094
2.50475 0 0 0 0.17341
2.66175 0 0 0 0.172833
2.76213 0 0 0 0.171729
2.66513 0 0 0 0.17075
2.6735 0 0 0 0.168865
2.634 0 0 0 0.169436
2.55687 0 0 0 0.169216
2.50775 0 0 0 0.16896
2.57475 0 0 0 0.170514
2.56962 0 0 0 0.171097
2.5885 0 0 0 0.172084
2.54137 0 0 0 0.172986
2.57337 0 0 0 0.17393
2.59912 0 0 0 0.171328
2.5935 0 0 0 0.170597
2.60487 0 0 0 0.169848
2.60962 0 0 0 0.170487
2.6135 0 0 0 0.170263
2.67413 0 0 0 0.168988
2.65987 0 0 0 0.168774
2.67563 0 0 0 0.16766
2.66275 0 0 0 0.169292
2.68725 0 0 0 0.168015
2.65638 0 0 0 0.166882
2.58675 0 0 0 0.1691
2.59875 0 0 0 0.173154
2.62812 0 0 0 0.17392
2.61425 0 0 0 0.172353
2.58475 0 0 0 0.1724
2.54988 0 0 0 0.170563
2.55925 0 0 0 0.170782
2.56125 0 0 0 0.169684
2.55837 0 0 0 0.169461
2.52438 0 0 0 0.168885
2.59912 0 0 0 0.172182
2.72725 0 0 0 0.169492
2.78713 0 0 0 0.16889
2.88437 0 0 0 0.169966
2.87087 0 0 0 0.169475
2.902 0 0 0 0.166886
2.84 0 0 0 0.166738
2.8045 0 0 0 0.16654
2.87263 0 0 0 0.166381
2.86888 0 0 0 0.165279
2.80713 0 0 0 0.164876
2.73575 0 0 0 0.161258
2.78788 0 0 0 0.159582
2.72375 0 0 0 0.160786
2.685 0 0 0 0.162634
2.6185 0 0 0 0.165349
2.579 0 0 0 0.163249
2.54225 0 0 0 0.167142
2.487 0 0 0 0.167051
2.50137 0 0 0 0.167848
2.46813 0 0 0 0.170957
2.45487 0 0 0 0.172343
2.47925 0 0 0 0.170252
2.39087 0 0 0 0.172229
2.35113 0 0 0 0.173396
2.41938 0 0 0 0.172173
2.4075 0 0 0 0.170611
2.36837 0 0 0 0.169698
2.30662 0 0 0 0.171051
2.26187 0 0 0 0.173454
2.19125 0 0 0 0.172912
2.2235 0 0 0 0.171518
2.13963 0 0 0 0.171188
2.12125 0 0 0 0.170901
2.157 0 0 0 0.168232
2.19238 0 0 0 0.17056
2.19925 0 0 0 0.172996
2.06775 0 0 0 0.174768
1.92825 0 0 0 0.175198
1.95 0 0 0 0.175733
1.93237 0 0 0 0.177173
1.97687 0 0 0 0.176443
1.935 0 0 0 0.175571
1.94562 0 0 0 0.174704
1.9685 0 0 0 0.172994
1.95612 0 0 0 0.172201
1.89762 0 0 0 0.172923
1.87637 0 0 0 0.17366
1.9075 0 0 0 0.174623
1.89775 0 0 0 0.174811
1.95188 0 0 0 0.175347
2.00025 0 0 0 0.173707
2.03563 0 0 0 0.17315
1.95562 0 0 0 0.173119
1.93175 0 0 0 0.172905
1.90125 0 0 0 0.169857
1.8835 0 0 0 0.169849
1.9325 0 0 0 0.170132
1.91125 0 0 0 0.169847
1.9525 0 0 0 0.172717
1.887 0 0 0 0.17329
1.9295 0 0 0 0.172224
1.9015 0 0 0 0.174762
1.94112 0 0 0 0.175822
1.83987 0 0 0 0.177239
1.8575 0 0 0 0.175814
1.84062 0 0 0 0.176315
1.9135 0 0 0 0.174262
1.92663 0 0 0 0.175832
1.86825 0 0 0 0.175237
1.92375 0 0 0 0.17355
1.95075 0 0 0 0.173394
1.96538 0 0 0 0.170809
1.96913 0 0 0 0.169451
1.9485 0 0 0 0.171203
1.93188 0 0 0 0.169362
1.96325 0 0 0 0.17126
1.95762 0 0 0 0.169029
1.87375 0 0 0 0.169148
1.8225 0 0 0 0.168263
1.82963 0 0 0 0.168613
1.85125 0 0 0 0.17194
1.7985 0 0 0 0.173458
1.72887 0 0 0 0.173213
1.71487 0 0 0 0.172803
1.63213 0 0 0 0.173181
1.6895 0 0 0 0.174111
1.70588 0 0 0 0.174053
1.78812 0 0 0 0.173973
1.84712 0 0 0 0.173075
1.94287 0 0 0 0.172948
1.9175 0 0 0 0.17233
1.89688 0 0 0 0.172391
1.94538 0 0 0 0.172043
1.9205 0 0 0 0.17342
1.95362 0 0 0 0.173592
1.88 0 0 0 0.174342
1.8685 0 0 0 0.172207
1.88437 0 0 0 0.16948
1.85563 0 0 0 0.170817
1.81688 0 0 0 0.169893
1.8185 0 0 0 0.170592
1.77075 0 0 0 0.17069
1.80513 0 0 0 0.171165
1.8285 0 0 0 0.170738
1.83825 0 0 0 0.171035
1.9035 0 0 0 0.170325
1.967 0 0 0 0.169216
1.965 0 0 0 0.166885
1.92588 0 0 0 0.163665
1.95525 0 0 0 0.165816
2.06263 0 0 0 0.167394
2.14237 0 0 0 0.1712
2.206 0 0 0 0.171998
2.233 0 0 0 0.172331
2.30538 0 0 0 0.170307
2.30687 0 0 0 0.170706
2.32275 0 0 0 0.169609
2.33812 0 0 0 0.168081
2.35913 0 0 0 0.164296
2.378 0 0 0 0.16324
2.33288 0 0 0 0.16305
2.367 0 0 0 0.163091
2.41425 0 0 0 0.160896
2.41337 0 0 0 0.163174
2.49875 0 0 0 0.16172
2.48937 0 0 0 0.157466
2.42088 0 0 0 0.155797
2.50338 0 0 0 0.157472
2.56787 0 0 0 0.160442
2.47025 0 0 0 0.164474
2.55425 0 0 0 0.163261
2.54175 0 0 0 0.166199
2.54937 0 0 0 0.168308
2.4535 0 0 0 0.168225
2.478 0 0 0 0.166271
2.529 0 0 0 0.166063
2.5435 0 0 0 0.164225
2.51375 0 0 0 0.167883
2.51775 0 0 0 0.169068
2.51012 0 0 0 0.164451
2.48438 0 0 0 0.165258
2.44338 0 0 0 0.167855
2.46175 0 0 0 0.169829
2.522 0 0 0 0.169821
2.49087 0 0 0 0.170888
2.566 0 0 0 0.168617
2.50612 0 0 0 0.167298
2.47737 0 0 0 0.164759
2.50838 0 0 0 0.162787
2.53325 0 0 0 0.166598
2.49388 0 0 0 0.167925
2.60688 0 0 0 0.16818
2.61987 0 0 0 0.166561
2.67663 0 0 0 0.167841
2.72112 0 0 0 0.169225
2.67025 0 0 0 0.170038
2.61262 0 0 0 0.169991
2.54688 0 0 0 0.16989
2.60038 0 0 0 0.169976
2.62737 0 0 0 0.170681
2.66525 0 0 0 0.169399
2.65175 0 0 0 0.169904
2.66887 0 0 0 0.169874
2.7815 0 0 0 0.171418
2.7805 0 0 0 0.172224
2.7305 0 0 0 0.173208
2.70713 0 0 0 0.173892
2.6555 0 0 0 0.173397
2.54575 0 0 0 0.171756
2.53525 0 0 0 0.170361
2.581 0 0 0 0.169289
2.5685 0 0 0 0.171718
2.55437 0 0 0 0.173139
2.4615 0 0 0 0.174418
2.54225 0 0 0 0.173767
2.51863 0 0 0 0.176123
2.46862 0 0 0 0.175981
2.4295 0 0 0 0.176185
2.40912 0 0 0 0.175458
2.317 0 0 0 0.176563
2.29688 0 0 0 0.177181
2.32163 0 0 0 0.176392
2.25637 0 0 0 0.174306
2.22812 0 0 0 0.174721
2.23413 0 0 0 0.176212
2.18113 0 0 0 0.176023
2.15375 0 0 0 0.174632
2.09225 0 0 0 0.173212
1.96287 0 0 0 0.17315
1.89125 0 0 0 0.171574
1.92188 0 0 0 0.171047
1.92263 0 0 0 0.171383
1.989 0 0 0 0.171683
1.93362 0 0 0 0.170059
1.86187 0 0 0 0.169332
1.81913 0 0 0 0.170012
1.802 0 0 0 0.168396
1.8025 0 0 0 0.168817
1.825 0 0 0 0.167476
1.83662 0 0 0 0.165011
1.85912 0 0 0 0.164717
1.86225 0 0 0 0.168247
1.97913 0 0 0 0.166796
1.98525 0 0 0 0.166185
1.95487 0 0 0 0.167357
2.00687 0 0 0 0.163782
2.0615 0 0 0 0.167056
2.12312 0 0 0 0.167237
2.11413 0 0 0 0.167038
2.08738 0 0 0 0.167061
2.05287 0 0 0 0.166327
2.0905 0 0 0 0.169758
2.07238 0 0 0 0.170981
2.20625 0 0 0 0.170575
2.2165 0 0 0 0.171877
2.146 0 0 0 0.171998
2.19437 0 0 0 0.170429
2.18887 0 0 0 0.167099
2.21625 0 0 0 0.166422
2.227 0 0 0 0.167159
2.2535 0 0 0 0.166789
2.25975 0 0 0 0.167182
2.29887 0 0 0 0.168174
2.27363 0 0 0 0.170059
2.27525 0 0 0 0.171935
2.30163 0 0 0 0.169376
2.33438 0 0 0 0.169706
2.34662 0 0 0 0.171251
2.33487 0 0 0 0.167917
2.32638 0 0 0 0.167648
2.33838 0 0 0 0.165837
2.35613 0 0 0 0.168325
2.28437 0 0 0 0.168045
2.2805 0 0 0 0.165495
2.4145 0 0 0 0.166726
2.41075 0 0 0 0.166582
2.43237 0 0 0 0.166203
2.4755 0 0 0 0.166673
2.59837 0 0 0 0.166926
2.55112 0 0 0 0.171151
2.5385 0 0 0 0.16942
2.53788 0 0 0 0.173867
2.52188 0 0 0 0.173831
2.5425 0 0 0 0.173869
2.613 0 0 0 0.174239
2.47313 0 0 0 0.175394
2.3725 0 0 0 0.174839
2.36463 0 0 0 0.173578
2.33213 0 0 0 0.173376
2.2755 0 0 0 0.171994
2.31175 0 0 0 0.169961
2.24925 0 0 0 0.171554
2.2225 0 0 0 0.172434
2.22562 0 0 0 0.173529
2.26112 0 0 0 0.174139
2.26162 0 0 0 0.175014
2.19875 0 0 0 0.174542
2.24525 0 0 0 0.17349
2.16838 0 0 0 0.174615
2.21975 0 0 0 0.17481
2.24925 0 0 0 0.173744
2.25025 0 0 0 0.174105
2.26788 0 0 0 0.173631
2.22063 0 0 0 0.174155
2.141 0 0 0 0.175
2.08025 0 0 0 0.173657
2.07875 0 0 0 0.171621
2.0115 0 0 0 0.173564
1.95225 0 0 0 0.174398
1.89213 0 0 0 0.174832
1.838 0 0 0 0.175033
1.92637 0 0 0 0.174641
1.91613 0 0 0 0.173898
1.8345 0 0 0 0.174245
1.8545 0 0 0 0.174235
1.82325 0 0 0 0.1748
1.75487 0 0 0 0.174126
1.776 0 0 0 0.174185
1.72687 0 0 0 0.175019
1.748 0 0 0 0.172835
1.74562 0 0 0 0.170815
1.71663 0 0 0 0.170718
1.6595 0 0 0 0.172452
1.70325 0 0 0 0.169764
1.7275 0 0 0 0.166778
1.7645 0 0 0 0.167952
1.71788 0 0 0 0.167016
1.72225 0 0 0 0.167675
1.7155 0 0 0 0.163349
1.71962 0 0 0 0.165327
1.77487 0 0 0 0.169495
1.81212 0 0 0 0.164886
1.82125 0 0 0 0.168803
1.76287 0 0 0 0.170946
1.76362 0 0 0 0.169363
1.80375 0 0 0 0.168918
1.76513 0 0 0 0.171539
1.80662 0 0 0 0.169671
1.74863 0 0 0 0.167532
1.80937 0 0 0 0.167216
1.90362 0 0 0 0.164037
2.03825 0 0 0 0.165969
2.00687 0 0 0 0.170077
2.0495 0 0 0 0.170772
1.9865 0 0 0 0.172389
2.01675 0 0 0 0.173339
1.96138 0 0 0 0.173973
2.02387 0 0 0 0.175014
2.02263 0 0 0 0.176446
2.12613 0 0 0 0.176516
2.1525 0 0 0 0.177703
2.11313 0 0 0 0.178575
2.185 0 0 0 0.178285
2.20925 0 0 0 0.178491
2.22713 0 0 0 0.176489
2.24388 0 0 0 0.175327
2.25525 0 0 0 0.175495
2.35712 0 0 0 0.177059
2.41075 0 0 0 0.176976
2.44588 0 0 0 0.176569
2.46137 0 0 0 0.176237
2.38662 0 0 0 0.177326
2.39375 0 0 0 0.176969
2.40612 0 0 0 0.17614
2.4755 0 0 0 0.176668
2.41288 0 0 0 0.176277
2.475 0 0 0 0.176179
2.56962 0 0 0 0.176996
2.58375 0 0 0 0.176034
2.648 0 0 0 0.175436
2.605 0 0 0 0.173149
2.55925 0 0 0 0.173337
2.54113 0 0 0 0.174978
2.58113 0 0 0 0.175368
2.5355 0 0 0 0.174836
2.45763 0 0 0 0.174173
2.46375 0 0 0 0.173462
2.52425 0 0 0 0.171414
2.47713 0 0 0 0.168911
2.45487 0 0 0 0.167584
2.48563 0 0 0 0.166514
2.54575 0 0 0 0.165827
2.48413 0 0 0 0.164583
2.58562 0 0 0 0.165316
2.60962 0 0 0 0.166348
2.66712 0 0 0 0.167376
2.60725 0 0 0 0.16596
2.59475 0 0 0 0.168485
2.56787 0 0 0 0.171806
2.58363 0 0 0 0.173028
2.48937 0 0 0 0.173375
2.44525 0 0 0 0.173984
2.4635 0 0 0 0.175694
2.46725 0 0 0 0.171815
2.41938 0 0 0 0.170764
2.458 0 0 0 0.170332
2.47375 0 0 0 0.171282
2.51262 0 0 0 0.172248
2.58862 0 0 0 0.17238
2.5155 0 0 0 0.171128
2.45538 0 0 0 0.172073
2.45713 0 0 0 0.170047
2.51562 0 0 0 0.165382
2.506 0 0 0 0.160588
2.60425 0 0 0 0.160369
2.63388 0 0 0 0.157326
2.66538 0 0 0 0.157757
2.60663 0 0 0 0.158598
2.6875 0 0 0 0.15254
2.61075 0 0 0 0.157901
2.59112 0 0 0 0.15635
2.69362 0 0 0 0.158407
2.677 0 0 0 0.161674
2.578 0 0 0 0.160309
2.5685 0 0 0 0.15995
2.61325 0 0 0 0.157958
2.51825 0 0 0 0.150915
2.571 0 0 0 0.147781
2.58775 0 0 0 0.145492
2.68175 0 0 0 0.153073
2.80175 0 0 0 0.143102
2.85487 0 0 0 0.143069
2.89075 0 0 0 0.142905
2.86525 0 0 0 0.137759
2.90362 0 0 0 0.144413
2.88987 0 0 0 0.148959
2.85113 0 0 0 0.144999
2.83012 0 0 0 0.135901
2.8075 0 0 0 0.140654
2.77175 0 0 0 0.152679
2.876 0 0 0 0.155949
2.90488 0 0 0 0.156642
2.90512 0 0 0 0.159666
2.83 0 0 0 0.156352
2.78012 0 0 0 0.155582
2.76063 0 0 0 0.156161
2.61125 0 0 0 0.157314
2.65413 0 0 0 0.160477
2.63912 0 0 0 0.164635
2.60338 0 0 0 0.162269
2.57238 0 0 0 0.167146
2.57925 0 0 0 0.169253
2.66087 0 0 0 0.169475
2.60525 0 0 0 0.166962
2.49512 0 0 0 0.168005
2.451 0 0 0 0.169293
2.43375 0 0 0 0.16551
2.36238 0 0 0 0.161952
2.41363 0 0 0 0.156407
2.44413 0 0 0 0.15382
2.4145 0 0 0 0.151764
2.40813 0 0 0 0.152441
2.43775 0 0 0 0.159989
2.49538 0 0 0 0.160708
2.58937 0 0 0 0.155248
2.55138 0 0 0 0.155075
2.50537 0 0 0 0.150386
2.52637 0 0 0 0.153728
2.54438 0 0 0 0.156211
2.50937 0 0 0 0.16375
2.5835 0 0 0 0.164782
2.554 0 0 0 0.16917
2.50937 0 0 0 0.169651
2.489 0 0 0 0.171818
2.53912 0 0 0 0.172511
2.52913 0 0 0 0.172238
2.5485 0 0 0 0.172743
2.55662 0 0 0 0.173449
2.59987 0 0 0 0.171034
2.61687 0 0 0 0.171238
2.6745 0 0 0 0.169982
2.701 0 0 0 0.168772
2.572 0 0 0 0.170337
2.64838 0 0 0 0.166837
2.70938 0 0 0 0.167102
2.68887 0 0 0 0.166472
2.74487 0 0 0 0.166431
2.73875 0 0 0 0.164886
2.7385 0 0 0 0.166751
2.80275 0 0 0 0.16687
2.76613 0 0 0 0.168688
2.82788 0 0 0 0.167791
2.75275 0 0 0 0.16892
2.7345 0 0 0 0.167904
2.66175 0 0 0 0.16964
2.72725 0 0 0 0.167614
2.80875 0 0 0 0.161487
2.75513 0 0 0 0.158906
2.716 0 0 0 0.157971
2.727 0 0 0 0.155025
2.69075 0 0 0 0.157235
2.727 0 0 0 0.157713
2.7205 0 0 0 0.159512
2.609 0 0 0 0.15903
2.6185 0 0 0 0.156474
2.59475 0 0 0 0.155426
2.65725 0 0 0 0.154365
2.54688 0 0 0 0.155376
2.5735 0 0 0 0.154041
2.41588 0 0 0 0.154759
2.39475 0 0 0 0.157585
2.43288 0 0 0 0.159016
2.41463 0 0 0 0.162646
2.36238 0 0 0 0.163459
2.43513 0 0 0 0.163174
2.42525 0 0 0 0.164331
2.43675 0 0 0 0.166688
2.41275 0 0 0 0.166859
2.36937 0 0 0 0.165275
2.40663 0 0 0 0.16816
2.47337 0 0 0 0.169364
2.49938 0 0 0 0.169873
2.47225 0 0 0 0.170286
2.42937 0 0 0 0.170518
2.38388 0 0 0 0.169845
2.44013 0 0 0 0.168829
2.42 0 0 0 0.168576
2.40225 0 0 0 0.164103
2.29875 0 0 0 0.163705
2.35188 0 0 0 0.160127
2.27775 0 0 0 0.16012
2.26912 0 0 0 0.16269
2.3375 0 0 0 0.162015
2.37988 0 0 0 0.161775
2.38625 0 0 0 0.16195
2.40088 0 0 0 0.164664
2.45875 0 0 0 0.162488
2.44 0 0 0 0.161355
2.49887 0 0 0 0.162993
2.46263 0 0 0 0.161638
2.425 0 0 0 0.167686
2.46488 0 0 0 0.16677
2.46212 0 0 0 0.169635
2.41712 0 0 0 0.172734
2.46475 0 0 0 0.173843
2.459 0 0 0 0.172265
2.47625 0 0 0 0.17153
2.54137 0 0 0 0.172594
2.45925 0 0 0 0.171333
2.33588 0 0 0 0.169512
2.3235 0 0 0 0.170853
2.32388 0 0 0 0.17162
2.31875 0 0 0 0.173552
2.27263 0 0 0 0.173677
2.336 0 0 0 0.17569
2.33637 0 0 0 0.174032
2.27188 0 0 0 0.174878
2.21675 0 0 0 0.175101
2.21988 0 0 0 0.17545
2.25438 0 0 0 0.177028
2.2495 0 0 0 0.176449
2.23413 0 0 0 0.176783
2.20412 0 0 0 0.177167
2.22825 0 0 0 0.176354
2.26725 0 0 0 0.173856
2.25725 0 0 0 0.17385
2.22275 0 0 0 0.175945
2.18613 0 0 0 0.176242
2.23325 0 0 0 0.175778
2.29488 0 0 0 0.175729
2.3055 0 0 0 0.176244
2.207 0 0 0 0.176639
2.207 0 0 0 0.176339
2.16213 0 0 0 0.177516
1.98675 0 0 0 0.178823
1.95863 0 0 0 0.178501
1.9445 0 0 0 0.176229
1.88987 0 0 0 0.176124
1.80812 0 0 0 0.176589
1.8615 0 0 0 0.175914
1.8775 0 0 0 0.173937
1.94875 0 0 0 0.173341
1.94312 0 0 0 0.174135
1.97938 0 0 0 0.171693
2.0045 0 0 0 0.171412
2.063 0 0 0 0.173395
2.01012 0 0 0 0.172488
1.95775 0 0 0 0.169989
1.93087 0 0 0 0.171089
1.94275 0 0 0 0.173217
1.91762 0 0 0 0.172651
1.92275 0 0 0 0.171453
1.886 0 0 0 0.169348
1.84987 0 0 0 0.170613
1.87938 0 0 0 0.169734
1.95338 0 0 0 0.171865
1.88888 0 0 0 0.172273
1.92013 0 0 0 0.172821
1.90712 0 0 0 0.172157
1.834 0 0 0 0.172435
1.85775 0 0 0 0.173026
1.84575 0 0 0 0.172523
1.7965 0 0 0 0.172095
1.918 0 0 0 0.171733
1.88163 0 0 0 0.169069
1.89138 0 0 0 0.168702
1.93013 0 0 0 0.168611
1.97237 0 0 0 0.168758
1.96162 0 0 0 0.169628
1.93538 0 0 0 0.170654
1.83888 0 0 0 0.169894
1.911 0 0 0 0.168996
1.91288 0 0 0 0.168021
1.94562 0 0 0 0.168227
1.978 0 0 0 0.168202
2.05987 0 0 0 0.167078
2.03875 0 0 0 0.170528
1.99975 0 0 0 0.170071
2.03425 0 0 0 0.168922
1.99925 0 0 0 0.17011
2.02975 0 0 0 0.170173
1.966 0 0 0 0.170999
1.92013 0 0 0 0.172088
1.94075 0 0 0 0.171737
1.96412 0 0 0 0.171413
1.925 0 0 0 0.171477
1.93962 0 0 0 0.170264
1.94975 0 0 0 0.168349
1.89938 0 0 0 0.165771
1.94225 0 0 0 0.167975
1.968 0 0 0 0.167426
2.08075 0 0 0 0.166467
2.098 0 0 0 0.166949
2.0355 0 0 0 0.1637
2.08312 0 0 0 0.16445
2.09938 0 0 0 0.165927
2.11287 0 0 0 0.166195
2.06212 0 0 0 0.169699
2.0585 0 0 0 0.17002
2.12062 0 0 0 0.170429
2.10562 0 0 0 0.168267
2.11687 0 0 0 0.168694
2.055 0 0 0 0.169133
2.17212 0 0 0 0.167958
2.17475 0 0 0 0.169408
2.1495 0 0 0 0.16751
2.14787 0 0 0 0.168626
2.16825 0 0 0 0.168366
2.15563 0 0 0 0.172067
2.15013 0 0 0 0.171815
2.19638 0 0 0 0.172591
2.1965 0 0 0 0.172751
2.18063 0 0 0 0.175293
2.152 0 0 0 0.175051
2.04 0 0 0 0.176701
1.999 0 0 0 0.17643
1.99525 0 0 0 0.176548
2.01313 0 0 0 0.177087
2.068 0 0 0 0.176139
2.093 0 0 0 0.17691
2.15413 0 0 0 0.177221
2.13037 0 0 0 0.176961
2.21925 0 0 0 0.176407
2.31062 0 0 0 0.173924
2.35038 0 0 0 0.171106
2.38638 0 0 0 0.172247
2.39012 0 0 0 0.172723
2.37075 0 0 0 0.171163
2.36225 0 0 0 0.172343
2.40575 0 0 0 0.174001
2.32587 0 0 0 0.173037
2.29862 0 0 0 0.172476
2.355 0 0 0 0.171844
2.267 0 0 0 0.168188
2.2655 0 0 0 0.16727
2.26075 0 0 0 0.16403
2.28863 0 0 0 0.163735
2.319 0 0 0 0.164917
2.30388 0 0 0 0.161852
2.32088 0 0 0 0.161643
2.26688 0 0 0 0.16355
2.3215 0 0 0 0.161076
2.31 0 0 0 0.160963
2.26975 0 0 0 0.160471
2.33225 0 0 0 0.156464
2.35613 0 0 0 0.154093
2.37763 0 0 0 0.157154
2.38912 0 0 0 0.14926
2.49837 0 0 0 0.150665
2.5105 0 0 0 0.155789
2.53975 0 0 0 0.151665
2.497 0 0 0 0.152812
2.44362 0 0 0 0.156327
2.519 0 0 0 0.153331
2.47838 0 0 0 0.149067
2.48725 0 0 0 0.152287
2.55987 0 0 0 0.148384
2.5565 0 0 0 0.142034
2.61112 0 0 0 0.1402
2.56525 0 0 0 0.138995
2.63212 0 0 0 0.152562
2.67525 0 0 0 0.146826
2.75 0 0 0 0.143515
2.76112 0 0 0 0.150539
2.8075 0 0 0 0.158971
2.81675 0 0 0 0.164025
2.77013 0 0 0 0.163604
2.8355 0 0 0 0.161512
2.83838 0 0 0 0.164645
2.84488 0 0 0 0.162696
2.88912 0 0 0 0.161914
2.88813 0 0 0 0.162745
2.94813 0 0 0 0.166161
2.9645 0 0 0 0.166472
2.97637 0 0 0 0.163194
2.98263 0 0 0 0.162641
2.94013 0 0 0 0.161345
2.89925 0 0 0 0.160422
2.9345 0 0 0 0.154236
2.93087 0 0 0 0.154342
2.87712 0 0 0 0.152608
2.87763 0 0 0 0.153378
2.93575 0 0 0 0.152508
3.02312 0 0 0 0.150718
3.01412 0 0 0 0.154037
3.02575 0 0 0 0.150483
3.02488 0 0 0 0.160233
2.96175 0 0 0 0.160432
2.9275 0 0 0 0.151137
2.95838 0 0 0 0.157215
2.90025 0 0 0 0.15189
2.8675 0 0 0 0.147743
2.83925 0 0 0 0.150194
2.82138 0 0 0 0.146394
2.85175 0 0 0 0.152399
2.8325 0 0 0 0.150468
2.84825 0 0 0 0.153987
2.84587 0 0 0 0.163182
2.70275 0 0 0 0.16536
2.6645 0 0 0 0.168676
2.755 0 0 0 0.168723
2.72875 0 0 0 0.172268
2.7415 0 0 0 0.172355
2.742 0 0 0 0.172645
2.71625 0 0 0 0.173866
2.668 0 0 0 0.174766
2.6725 0 0 0 0.17505
2.68375 0 0 0 0.174227
2.67325 0 0 0 0.172803
2.67713 0 0 0 0.173138
2.59063 0 0 0 0.172774
2.55012 0 0 0 0.173746
2.68412 0 0 0 0.175648
2.64938 0 0 0 0.175137
2.63025 0 0 0 0.175045
2.694 0 0 0 0.174779
2.70038 0 0 0 0.173561
2.63575 0 0 0 0.174383
2.62462 0 0 0 0.174643
2.52775 0 0 0 0.174133
2.48325 0 0 0 0.169767
2.452 0 0 0 0.169595
2.4055 0 0 0 0.168933
2.37487 0 0 0 0.17074
2.38587 0 0 0 0.167556
2.40888 0 0 0 0.170848
2.376 0 0 0 0.17008
2.487 0 0 0 0.168204
2.51012 0 0 0 0.162234
2.49987 0 0 0 0.163971
2.48975 0 0 0 0.16757
2.5155 0 0 0 0.163089
2.48375 0 0 0 0.159863
2.48438 0 0 0 0.16361
2.55488 0 0 0 0.16266
2.49688 0 0 0 0.160695
2.48975 0 0 0 0.162015
2.478 0 0 0 0.160941
2.40675 0 0 0 0.162181
2.51412 0 0 0 0.160154
2.4785 0 0 0 0.166336
2.46113 0 0 0 0.1679
2.41412 0 0 0 0.169522
2.4255 0 0 0 0.169322
2.37025 0 0 0 0.16746
2.38813 0 0 0 0.170434
2.38975 0 0 0 0.172278
2.43087 0 0 0 0.171274
2.453 0 0 0 0.168964
2.42137 0 0 0 0.169713
2.432 0 0 0 0.168221
2.48625 0 0 0 0.165835
2.50013 0 0 0 0.160716
2.45575 0 0 0 0.15395
2.43012 0 0 0 0.151321
2.35225 0 0 0 0.153733
2.23575 0 0 0 0.153569
2.18138 0 0 0 0.149918
2.20162 0 0 0 0.150305
2.332 0 0 0 0.154536
2.271 0 0 0 0.157782
2.375 0 0 0 0.159788
2.36713 0 0 0 0.15828
2.27888 0 0 0 0.156994
2.33462 0 0 0 0.155017
2.23488 0 0 0 0.157936
2.25425 0 0 0 0.156777
2.219 0 0 0 0.158117
2.25825 0 0 0 0.154449
2.252 0 0 0 0.150247
2.21937 0 0 0 0.153988
2.23862 0 0 0 0.152206
2.25787 0 0 0 0.15252
2.28875 0 0 0 0.150864
2.23387 0 0 0 0.155258
2.27525 0 0 0 0.161878
2.25988 0 0 0 0.160805
2.21413 0 0 0 0.160249
2.22775 0 0 0 0.162144
2.21175 0 0 0 0.159329
2.26725 0 0 0 0.161849
2.36512 0 0 0 0.165836
2.2935 0 0 0 0.162419
2.33862 0 0 0 0.1693
2.3755 0 0 0 0.170791
2.33763 0 0 0 0.170937
2.33962 0 0 0 0.171996
2.33763 0 0 0 0.173076
2.32662 0 0 0 0.174094
2.20213 0 0 0 0.174588
2.27612 0 0 0 0.175484
2.22625 0 0 0 0.174859
2.29612 0 0 0 0.173566
2.33925 0 0 0 0.17265
2.27813 0 0 0 0.174482
2.18662 0 0 0 0.172744
2.24138 0 0 0 0.17303
2.1955 0 0 0 0.172158
2.17263 0 0 0 0.171982
2.08338 0 0 0 0.171906
2.04588 0 0 0 0.169564
2.077 0 0 0 0.168427
2.0245 0 0 0 0.167225
2.0665 0 0 0 0.169743
2.101 0 0 0 0.16918
2.0405 0 0 0 0.169377
2.03025 0 0 0 0.168869
2.05 0 0 0 0.169924
2.04062 0 0 0 0.169848
2.06725 0 0 0 0.169111
2.12387 0 0 0 0.169375
2.18425 0 0 0 0.169042
2.23738 0 0 0 0.168543
2.26875 0 0 0 0.170239
2.27888 0 0 0 0.168528
2.34475 0 0 0 0.167734
2.27712 0 0 0 0.166485
2.281 0 0 0 0.162847
2.3505 0 0 0 0.160679
2.4155 0 0 0 0.16396
2.31537 0 0 0 0.163937
2.37588 0 0 0 0.161418
2.34837 0 0 0 0.162038
2.35 0 0 0 0.167894
2.3255 0 0 0 0.169694
2.36488 0 0 0 0.171401
2.30512 0 0 0 0.169327
2.20312 0 0 0 0.169952
2.14925 0 0 0 0.165481
2.161 0 0 0 0.166667
2.09125 0 0 0 0.16839
2.128 0 0 0 0.168577
2.09325 0 0 0 0.171297
2.11238 0 0 0 0.17371
2.15862 0 0 0 0.171538
2.16363 0 0 0 0.173574
2.20237 0 0 0 0.171417
2.2455 0 0 0 0.172821
2.24788 0 0 0 0.170406
2.33312 0 0 0 0.169991
2.39087 0 0 0 0.168329
2.39588 0 0 0 0.165702
2.36713 0 0 0 0.163861
2.3935 0 0 0 0.166438
2.41363 0 0 0 0.166844
2.40137 0 0 0 0.167233
2.41288 0 0 0 0.168142
2.42263 0 0 0 0.168328
2.459 0 0 0 0.166322
2.43 0 0 0 0.166095
2.44713 0 0 0 0.167251
2.417 0 0 0 0.16886
2.49675 0 0 0 0.16707
2.43288 0 0 0 0.165054
2.40525 0 0 0 0.163082
2.44287 0 0 0 0.161465
2.48037 0 0 0 0.156585
2.50325 0 0 0 0.157799
2.55888 0 0 0 0.162368
2.50038 0 0 0 0.164415
2.464 0 0 0 0.165071
2.52513 0 0 0 0.160264
2.51213 0 0 0 0.161054
2.57825 0 0 0 0.159515
2.63875 0 0 0 0.160257
2.67112 0 0 0 0.160319
2.73387 0 0 0 0.156776
2.77237 0 0 0 0.152487
2.77775 0 0 0 0.152054
2.75062 0 0 0 0.150726
2.74025 0 0 0 0.149387
2.74975 0 0 0 0.153672
2.72112 0 0 0 0.151796
2.72075 0 0 0 0.142601
2.66575 0 0 0 0.139727
2.628 0 0 0 0.13779
2.64913 0 0 0 0.130205
2.72962 0 0 0 0.126075
2.65875 0 0 0 0.117007
2.69462 0 0 0 0.118757
2.69112 0 0 0 0.114503
2.74825 0 0 0 0.112969
2.75725 0 0 0 0.117126
2.72625 0 0 0 0.116603
2.72875 0 0 0 0.123782
2.7165 0 0 0 0.125992
2.76075 0 0 0 0.126616
2.76912 0 0 0 0.119423
2.74525 0 0 0 0.11623
2.71687 0 0 0 0.127565
2.70887 0 0 0 0.118682
2.73813 0 0 0 0.122124
2.72425 0 0 0 0.125083
2.71738 0 0 0 0.119552
2.709 0 0 0 0.102555
2.74638 0 0 0 0.0975186
2.80662 0 0 0 0.100674
2.77637 0 0 0 0.0905863
2.74725 0 0 0 0.0711228
2.72463 0 0 0 0.0925058
2.73212 0 0 0 0.100994
2.70763 0 0 0 0.0924068
2.7245 0 0 0 0.0809341
2.74525 0 0 0 0.101779
2.74587 0 0 0 0.0982031
2.74087 0 0 0 0.0987712
2.7095 0 0 0 0.102831
2.78938 1 0 0.0910685 0.26294
2.7535 1 0 0.0939965 0.258096
2.75888 0 0 0 0.0993244
2.73362 0 0 0 0.0959579
2.91288 0 0 0 0.104987
2.90512 0 0 0 0.0937724
2.9465 1 0 0.0822727 0.264739
2.9445 1 0 0.0835842 0.265509
2.96338 1 0 0.0935567 0.26693
3.12038 1 0 0.115061 0.259349
3.18087 1 0 0.12227 0.261148
3.186 1 0 0.12655 0.260987
3.1665 1 0 0.118327 0.261952
3.19687 1 0 0.121974 0.267124
3.12188 0 0 0 0.120722
3.17413 1 0 0.117207 0.277852
3.24925 1 0 0.108067 0.274503
3.193 1 0 0.110322 0.27714
3.05012 1 0 0.109896 0.277253
3.03762 1 0 0.11107 0.281525
3.03737 1 0 0.113541 0.284189
3.08162 1 0 0.110234 0.283011
3.0665 1 0 0.112264 0.283584
3.04338 1 0 0.111205 0.276391
3.00612 1 0 0.106908 0.275603
3.03025 1 0 0.106372 0.276888
3.05425 1 0 0.101402 0.271626
3.14538 1 0 0.0994614 0.266003
3.15638 1 0 0.101323 0.26375
3.1665 1 0 0.0991805 0.264106
3.11912 0 0 0 0.0968574
3.06525 0 0 0 0.0908751
2.9545 1 0 0.0909464 0.250723
2.914 1 0 0.0842495 0.246161
2.99175 1 0 0.0768332 0.24354
3.00275 1 0 0.0756871 0.23917
2.97688 1 0 0.0876708 0.241965
3.00888 1 0 0.0813614 0.239675
2.9025 1 0 0.0778158 0.234478
2.94663 1 0 0.0814052 0.236154
2.94362 1 0 0.0855214 0.238514
2.95688 1 0 0.0756478 0.232725
2.99662 1 0 0.0667625 0.234397
3.01788 1 0 0.0545205 0.231974
2.89288 1 0 0.0444591 0.233042
2.76112 1 0 0.0284325 0.224822
2.76487 1 0 0.0208956 0.215727
2.80063 1 0 0.0209415 0.206206
2.80925 1 0 0.0146845 0.205052
2.75225 1 0 0.0207787 0.204997
2.82287 1 0 0.0177681 0.213376
2.77325 1 0 0.0101607 0.206315
2.834 1 0 0.0201956 0.207427
2.78938 1 0 0.014513 0.199226
2.82012 1 0 0.0192092 0.203551
2.8535 1 0 0.0215693 0.199269
2.84662 1 0 0.0142831 0.199834
2.926 1 0 0.019921 0.202711
2.97237 1 0 0.0165296 0.200499
2.966 1 0 0.0193919 0.203165
2.977 1 0 0.0170314 0.197723
2.94813 1 0 0.0122016 0.19383
2.93038 1 0 0.00934988 0.191143
2.9185 1 0 0.00493429 0.190252
2.99575 1 0 0.00350377 0.193425
2.9025 1 0 0.00340067 0.190171
2.92462 1 0 0.00419075 0.190347
2.9295 1 0 0.00451352 0.189339
2.896 1 0 0.0036207 0.185389
2.8865 1 0 0.00400209 0.18579
2.80725 1 0 0.00240955 0.185515
2.74962 1 0 0.000246913 0.185562
2.7625 1 0 0 0.185925
2.71387 1 0 0 0.182147
2.7645 1 0 0 0.185909
2.81413 1 0 0 0.183586
2.86238 1 0 0 0.185536
2.77338 1 0 0 0.186667
2.75075 1 0 0 0.18191
2.7875 1 0 0 0.180686
2.81338 1 0 0 0.182584
2.8535 1 0 0 0.178811
2.86262 1 0 0 0.177665
2.85375 1 0 0 0.177448
2.82662 1 0 0 0.176737
2.79887 1 0 0 0.176896
2.83363 1 0 0 0.176565
2.82337 1 0 0 0.176704
2.82262 1 0 0 0.176555
2.79775 1 0 0 0.175366
2.76238 1 0 0 0.175046
2.74012 1 0 0 0.174581
2.768 1 1 0 0.175067
2.76 1 1 0 0.174316
2.80713 1 1 0 0.175189
2.83087 1 1 0 0.176397
2.85925 1 1 0 0.176583
2.84475 1 1 0 0.177137
2.92762 1 1 0 0.176479
2.98525 1 1 0 0.178207
3.02075 1 1 0 0.177646
3.02663 1 1 0 0.177415
3.03325 1 1 0 0.176046
3.1025 1 1 0 0.173393
3.01662 1 1 0 0.173004
3.037 1 1 0 0.173707
3.08625 1 1 0 0.169017
3.1675 1 1 0 0.16767
3.18337 1 1 0 0.168615
3.17175 1 1 0 0.167269
3.15937 1 1 0 0.166895
3.15837 1 1 0 0.165972
3.05063 1 1 0 0.167323
3.08637 1 1 0 0.167939
2.98312 1 1 0 0.169016
2.978 1 1 0 0.169868
2.94275 1 1 0 0.169478
2.887 1 1 0 0.169819
2.89938 1 1 0 0.170611
2.84313 1 1 0 0.17063
2.77962 1 1 0 0.170542
2.79387 1 1 0 0.171413
2.787 1 1 0 0.173061
2.85862 1 1 0 0.172804
2.902 1 1 0 0.172222
2.96563 1 1 0 0.172947
2.95763 1 1 0 0.173175
2.99437 1 1 0 0.174029
3.051 1 1 0 0.17502
2.845 1 1 0 0.174834
2.92413 1 1 0 0.174262
2.94475 1 1 0 0.172442
3.005 1 1 0 0.172891
3.019 1 1 0 0.172339
2.90587 1 1 0 0.174248
2.99962 1 1 0 0.174062
3.09975 1 1 0 0.173045
3.03975 1 1 0 0.173671
3.06875 1 1 0 0.173628
3.03 1 1 0 0.174559
3.06237 1 1 0 0.174334
2.941 1 1 0 0.174309
2.928 1 1 0 0.174087
2.87387 1 1 0 0.172425
2.8355 1 1 0 0.174228
2.806 1 1 0 0.172408
2.81925 1 1 0 0.171853
2.88925 1 1 0 0.173035
2.80675 1 1 0 0.1738
2.81725 1 1 0 0.174186
2.80163 1 1 0 0.173991
2.79675 1 1 0 0.174974
2.76825 1 1 0 0.17516
2.735 1 1 0 0.176608
2.73787 1 1 0 0.177426
2.82313 1 1 0 0.176897
2.78487 1 1 0 0.176595
2.82388 1 1 0 0.176554
2.81387 1 1 0 0.176065
2.84825 1 1 0 0.176955
2.85712 1 1 0 0.177577
2.85025 1 1 0 0.176813
2.8725 1 1 0 0.178013
2.91925 1 1 0 0.178107
2.93438 1 1 0 0.178164
2.97325 1 1 0 0.177478
2.981 1 1 0 0.17797
3.01912 1 1 0 0.178279
2.9875 1 1 0 0.178275
3.014 1 1 0 0.179047
3.06425 1 1 0 0.177786
3.09788 1 1 0 0.177186
3.1075 1 1 0 0.176247
3.12387 1 1 0 0.173446
3.18162 1 1 0 0.171751
3.15563 1 1 0 0.17318
3.14188 1 1 0 0.170623
3.13537 1 1 0 0.173156
3.063 1 1 0 0.175585
3.06525 1 1 0 0.176354
3.12213 1 1 0 0.176645
3.11287 1 1 0 0.174801
3.10812 1 1 0 0.175273
3.00137 1 1 0 0.172918
3.0765 1 1 0 0.171942
2.97275 1 1 0 0.170684
2.94037 1 1 0 0.173773
3.0235 1 1 0 0.171436
3.08225 1 1 0 0.174643
3.13875 1 1 0 0.171131
3.16988 1 1 0 0.17115
3.17875 1 1 0 0.169217
3.19275 1 1 0 0.168423
3.25163 1 1 0 0.164099
3.27763 1 1 0 0.164663
3.28475 1 1 0 0.166689
3.31225 1 1 0 0.169056
3.3 1 1 0 0.170736
3.39688 1 1 0 0.175288
3.37975 1 1 0 0.175448
3.42 1 1 0 0.171806
3.30987 1 1 0 0.173372
3.29338 1 1 0 0.173112
3.27113 1 1 0 0.173967
3.27787 1 1 0 0.173277
3.23937 1 1 0 0.171701
3.239 1 1 0 0.169646
3.2255 1 1 0 0.174798
3.25675 1 1 0 0.175895
3.27488 1 1 0 0.17311
3.26138 1 1 0 0.174822
3.23625 1 1 0 0.174487
3.21037 1 1 0 0.174125
3.22538 1 1 0 0.176256
3.172 1 1 0 0.175717
3.26363 1 1 0 0.176327
3.25937 1 1 0 0.176304
3.20388 1 1 0 0.176654
3.22475 1 1 0 0.175616
3.20187 1 1 0 0.175263
3.197 1 1 0 0.175822
3.20237 1 1 0 0.174706
3.13262 1 1 0 0.17474
3.19075 1 1 0 0.172708
3.18962 1 1 0 0.171986
3.1705 1 1 0 0.170889
3.17813 1 1 0 0.171083
3.26975 1 1 0 0.171168
3.2725 1 1 0 0.170875
3.14938 1 1 0 0.169808
3.19313 1 1 0 0.168112
3.336 1 1 0 0.169227
3.37462 1 1 0 0.169651
3.26138 1 1 0 0.168952
3.13137 1 1 0 0.169001
3.03788 1 1 0 0.169872
3.016 1 1 0 0.170605
3.1085 1 1 0 0.170024
3.1065 1 1 0 0.169443
3.0375 1 1 0 0.169334
3.04862 1 1 0 0.170228
3.03487 1 1 0 0.169309
3.07613 1 1 0 0.170058
3.09675 1 1 0 0.170173
3.18763 1 1 0 0.169454
3.1145 1 1 0 0.171384
3.10162 1 1 0 0.172673
3.12138 1 1 0 0.172114
3.18288 1 1 0 0.169943
3.1725 1 1 0 0.171846
3.156 1 1 0 0.172081
3.20262 1 1 0 0.172072
3.21013 1 1 0 0.174546
3.31025 1 1 0 0.174781
3.23113 1 1 0 0.175873
3.17988 1 1 0 0.174547
3.20288 1 1 0 0.17318
3.2525 1 1 0 0.17293
3.20237 1 1 0 0.173035
3.19137 1 1 0 0.173311
3.22475 1 1 0 0.172456
3.15775 1 1 0 0.171964
3.12787 1 1 0 0.170296
3.14538 1 1 0 0.1723
3.14613 1 1 0 0.172199
3.26175 1 1 0 0.173122
3.198 1 1 0 0.173811
3.115 1 1 0 0.174024
3.12975 1 1 0 0.175711
3.04575 1 1 0 0.175253
3.0825 1 1 0 0.174443
2.99763 1 1 0 0.175846
2.99375 1 1 0 0.175312
2.991 1 1 0 0.173934
3.015 1 1 0 0.173489
3.02838 1 1 0 0.174437
3.03487 1 1 0 0.173869
2.99087 1 1 0 0.1736
2.9535 1 1 0 0.169162
2.92625 1 1 0 0.168308
2.89737 1 1 0 0.169354
2.93225 1 1 0 0.167846
2.93913 1 1 0 0.169205
2.908 1 1 0 0.171513
2.91375 1 1 0 0.169972
2.91988 1 1 0 0.16955
2.94313 1 1 0 0.167388
2.94787 1 1 0 0.167949
2.93487 1 1 0 0.16788
2.91175 1 1 0 0.168555
2.91475 1 1 0 0.16703
2.89575 1 1 0 0.169351
2.86362 1 1 0 0.171516
2.87425 1 1 0 0.173616
2.83925 1 1 0 0.173114
2.82238 1 1 0 0.173322
2.88875 1 1 0 0.171525
2.91213 1 1 0 0.168802
2.89012 1 1 0 0.166777
2.95 1 1 0 0.16823
2.88338 1 1 0 0.167619
2.83862 1 1 0 0.166282
2.91288 1 1 0 0.162453
2.924 1 1 0 0.163271
2.92125 1 1 0 0.162863
2.91175 1 1 0 0.165816
2.91 1 1 0 0.166685
2.91887 1 1 0 0.166336
2.805 1 1 0 0.170533
2.80337 1 1 0 0.171704
2.76388 1 1 0 0.172486
2.76037 1 1 0 0.173586
2.78662 1 1 0 0.174754
2.71513 1 1 0 0.174502
2.75813 1 1 0 0.173508
2.76225 1 1 0 0.172083
2.73325 1 1 0 0.174119
2.8205 1 1 0 0.174381
2.83763 1 1 0 0.176193
2.911 1 1 0 0.177068
2.96387 1 1 0 0.176126
2.994 1 1 0 0.175781
3.06612 1 1 0 0.17542
3.05925 1 1 0 0.1753
2.95975 1 1 0 0.175238
2.90437 1 1 0 0.174267
2.97138 1 1 0 0.176054
2.97925 1 1 0 0.174954
2.99962 1 1 0 0.17511
3.01187 1 1 0 0.174163
3.02225 1 1 0 0.173233
3.03288 1 1 0 0.172708
3.00625 1 1 0 0.172392
2.97063 1 1 0 0.170929
2.95325 1 1 0 0.173253
2.9245 1 1 0 0.172474
3.06062 1 1 0 0.172064
3.0785 1 1 0 0.171622
3.14725 1 1 0 0.171621
3.14475 1 1 0 0.173703
3.112 1 1 0 0.174463
3.08875 1 1 0 0.173745
3.15388 1 1 0 0.175081
3.14025 1 1 0 0.174667
3.10575 1 1 0 0.174344
3.12213 1 1 0 0.174436
3.16063 1 1 0 0.174728
3.20237 1 1 0 0.175662
3.19875 1 1 0 0.174675
3.20237 1 1 0 0.172643
3.17375 1 1 0 0.171759
3.07313 1 1 0 0.170843
3.11425 1 1 0 0.172865
3.07125 1 1 0 0.171209
3.07587 1 1 0 0.173616
3.07225 1 1 0 0.172641
3.0465 1 1 0 0.17383
3.00675 1 1 0 0.173355
3.03037 1 1 0 0.174751
3.04937 1 1 0 0.173834
2.96375 1 1 0 0.174729
2.99737 1 1 0 0.175062
3.063 1 1 0 0.173592
3.12412 1 1 0 0.172621
3.13937 1 1 0 0.172394
3.15425 1 1 0 0.169814
3.22587 1 1 0 0.171929
3.10938 1 1 0 0.171377
3.11238 1 1 0 0.171528
3.12125 1 1 0 0.171783
3.13788 1 1 0 0.169439
3.1585 1 1 0 0.168211
3.05963 1 1 0 0.166228
3.07437 1 1 0 0.16482
3.0305 1 1 0 0.168298
3.06612 1 1 0 0.169802
3.12887 1 1 0 0.169995
3.199 1 1 0 0.171617
3.06612 1 1 0 0.170824
3.16838 1 1 0 0.167957
3.18363 1 1 0 0.163991
3.17575 1 1 0 0.164898
3.14288 1 1 0 0.163762
3.15612 1 1 0 0.161528
3.042 1 1 0 0.162437
3.0115 1 1 0 0.165059
2.97587 1 1 0 0.165093
2.95412 1 1 0 0.171508
2.99638 1 1 0 0.171103
2.96663 1 1 0 0.171822
2.95562 1 1 0 0.170007
2.963 1 1 0 0.168813
2.96013 1 1 0 0.167827
2.981 1 1 0 0.169022
3.0045 1 1 0 0.168962
3.06038 1 1 0 0.16997
3.01125 1 1 0 0.16936
3.0165 1 1 0 0.169707
3.0075 1 1 0 0.169759
3.03138 1 1 0 0.167921
3.03912 1 1 0 0.168074
3.02413 1 1 0 0.165151
3.05512 1 1 0 0.169063
3.07262 1 1 0 0.16954
3.096 1 1 0 0.171098
3.05587 1 1 0 0.17124
3.05512 1 1 0 0.171683
3.02038 1 1 0 0.173361
2.99225 1 1 0 0.174269
3.05888 1 1 0 0.172873
3.09175 1 1 0 0.173579
3.06625 1 1 0 0.175502
3.05613 1 1 0 0.174522
3.065 1 1 0 0.173972
3.08412 1 1 0 0.173206
3.08825 1 1 0 0.172346
3.12625 1 1 0 0.171542
3.101 1 1 0 0.17132
3.14562 1 1 0 0.172082
3.16613 1 1 0 0.17194
3.19612 1 1 0 0.170358
3.20875 1 1 0 0.170553
3.19275 1 1 0 0.169306
3.27275 1 1 0 0.170118
3.23212 1 1 0 0.171446
3.21875 1 1 0 0.172439
3.26012 1 1 0 0.17092
3.27113 1 1 0 0.171888
3.30213 1 1 0 0.1729
3.3765 1 1 0 0.172613
3.33838 1 1 0 0.173307
3.37712 1 1 0 0.173744
3.39087 1 1 0 0.173735
3.47337 1 1 0 0.173546
3.45187 1 1 0 0.172912
3.47325 1 1 0 0.172909
3.47737 1 1 0 0.172884
3.515 1 1 0 0.17269
3.5275 1 1 0 0.171768
3.58775 1 1 0 0.17423
3.63313 1 1 0 0.173609
3.70775 1 1 0 0.176057
3.67975 1 1 0 0.177107
3.75387 1 1 0 0.177679
3.79562 1 1 0 0.17586
3.80938 1 1 0 0.176954
3.74538 1 1 0 0.177597
3.72325 1 1 0 0.177586
3.68587 1 1 0 0.177255
3.69775 1 1 0 0.177973
3.73088 1 1 0 0.176766
3.79162 1 1 0 0.176331
3.86362 1 1 0 0.177049
3.784 1 1 0 0.175745
3.814 1 1 0 0.173036
3.8945 1 1 0 0.169686
3.874 1 1 0 0.172903
3.87337 1 1 0 0.172775
3.85513 1 1 0 0.168455
3.89988 1 1 0 0.164034
3.967 1 1 0 0.165128
3.90537 1 1 0 0.160594
3.80362 1 1 0 0.158143
3.81838 1 1 0 0.162837
3.73925 1 1 0 0.161382
3.696 1 1 0 0.160791
3.66162 1 1 0 0.157258
3.6445 1 1 0 0.156308
3.60763 1 1 0 0.155832
3.57812 1 1 0 0.15404
3.42975 1 1 0 0.157542
3.34375 1 1 0 0.161223
3.343 1 1 0 0.162932
3.28063 1 1 0 0.164025
3.27513 1 1 0 0.167227
3.29988 1 1 0 0.169538
3.349 1 1 0 0.170384
3.3235 1 1 0 0.168094
3.27025 1 1 0 0.167984
3.31712 1 1 0 0.168741
3.25287 1 1 0 0.168744
3.17313 1 1 0 0.172235
3.195 1 1 0 0.170059
3.24325 1 1 0 0.172023
78
64
