0 0 0 0 nan
0.047625 0 0 0 0.177886
0.09475 0 0 0 0.179119
0.141125 0 0 0 0.179486
0.196875 0 0 0 0.179203
0.252625 0 0 0 0.179486
0.29825 0 0 0 0.179356
0.354 0 0 0 0.179189
0.415375 0 0 0 0.179215
0.44375 0 0 0 0.178707
0.51925 0 0 0 0.179084
0.589125 0 0 0 0.178015
0.634625 0 0 0 0.178391
0.675875 0 0 0 0.178363
0.731875 0 0 0 0.17729
0.72825 0 0 0 0.178085
0.78125 0 0 0 0.178156
0.82675 0 0 0 0.178128
0.847 0 0 0 0.177254
0.879625 0 0 0 0.177827
0.937875 0 0 0 0.177509
0.962625 0 0 0 0.178354
1.03525 0 0 0 0.178245
1.05913 0 0 0 0.178593
1.06537 0 0 0 0.178524
1.14637 0 0 0 0.178235
1.16987 0 0 0 0.17794
1.19925 0 0 0 0.178295
1.17887 0 0 0 0.178038
1.192 0 0 0 0.177903
1.24113 0 0 0 0.178262
1.248 0 0 0 0.178978
1.26675 0 0 0 0.178743
1.23475 0 0 0 0.177996
1.24388 0 0 0 0.177374
1.29688 0 0 0 0.1775
1.37462 0 0 0 0.177446
1.37563 0 0 0 0.178253
1.3555 0 0 0 0.178177
1.3955 0 0 0 0.177949
1.43738 0 0 0 0.178251
1.50463 0 0 0 0.176767
1.56088 0 0 0 0.175836
1.60987 0 0 0 0.175859
1.66187 0 0 0 0.175589
1.67512 0 0 0 0.175807
1.74713 0 0 0 0.174579
1.79763 0 0 0 0.175264
1.839 0 0 0 0.175032
1.88512 0 0 0 0.174198
1.85025 0 0 0 0.174158
1.83125 0 0 0 0.173936
1.84288 0 0 0 0.175052
1.82638 0 0 0 0.175971
1.82587 0 0 0 0.175664
1.89062 0 0 0 0.173479
1.88025 0 0 0 0.17217
1.90962 0 0 0 0.171018
1.88475 0 0 0 0.171303
1.83325 0 0 0 0.171571
1.84787 0 0 0 0.169597
1.81638 0 0 0 0.168726
1.91225 0 0 0 0.165484
1.99625 0 0 0 0.165566
2.0095 0 0 0 0.164988
1.93538 0 0 0 0.165577
1.91187 0 0 0 0.167176
1.95338 0 0 0 0.166014
1.91138 0 0 0 0.167364
1.85587 0 0 0 0.166737
1.8895 0 0 0 0.166246
1.8775 0 0 0 0.16895
1.89562 0 0 0 0.170041
1.85475 0 0 0 0.169157
1.88825 0 0 0 0.170057
1.84987 0 0 0 0.167987
1.87925 0 0 0 0.171045
1.82363 0 0 0 0.170922
1.7355 0 0 0 0.169201
1.72962 0 0 0 0.169662
1.69925 0 0 0 0.171055
1.744 0 0 0 0.170801
1.70525 0 0 0 0.169862
1.70588 0 0 0 0.169057
1.785 0 0 0 0.167647
1.78887 0 0 0 0.168938
1.7655 0 0 0 0.170738
1.74812 0 0 0 0.171684
1.65587 0 0 0 0.172731
1.62963 0 0 0 0.172339
1.64025 0 0 0 0.171708
1.6425 0 0 0 0.171113
1.64475 0 0 0 0.170647
1.626 0 0 0 0.171878
1.57075 0 0 0 0.172508
1.68887 0 0 0 0.173056
1.6665 0 0 0 0.172815
1.71975 0 0 0 0.172571
1.7195 0 0 0 0.17194
1.76513 0 0 0 0.169148
1.72575 0 0 0 0.168168
1.71188 0 0 0 0.169358
1.71388 0 0 0 0.170704
1.69375 0 0 0 0.172215
1.71362 0 0 0 0.171165
1.66325 0 0 0 0.170319
1.66538 0 0 0 0.172154
1.62662 0 0 0 0.173229
1.65962 0 0 0 0.174128
1.70162 0 0 0 0.173877
1.6565 0 0 0 0.17401
1.70612 0 0 0 0.174275
1.6255 0 0 0 0.175618
1.64562 0 0 0 0.17458
1.66762 0 0 0 0.174524
1.68712 0 0 0 0.174351
1.74937 0 0 0 0.174945
1.87837 0 0 0 0.174644
1.8465 0 0 0 0.175042
1.76463 0 0 0 0.176433
1.66213 0 0 0 0.178356
1.69188 0 0 0 0.177434
1.66075 0 0 0 0.178381
1.70463 0 0 0 0.178184
1.72325 0 0 0 0.178318
1.74063 0 0 0 0.177373
1.77262 0 0 0 0.177871
1.85038 0 0 0 0.176633
1.86488 0 0 0 0.175099
1.851 0 0 0 0.175311
1.9475 0 0 0 0.176517
1.95687 0 0 0 0.175547
2.0715 0 0 0 0.175676
2.027 0 0 0 0.175146
1.9225 0 0 0 0.175353
1.94413 0 0 0 0.176105
1.90712 0 0 0 0.176492
1.94762 0 0 0 0.175949
1.94762 0 0 0 0.176509
2.01587 0 0 0 0.17558
2.02038 0 0 0 0.176018
1.91725 0 0 0 0.176444
1.93875 0 0 0 0.176111
1.9415 0 0 0 0.176613
2.01012 0 0 0 0.175968
2.02925 0 0 0 0.176616
2.01275 0 0 0 0.177871
2.07563 0 0 0 0.178017
2.13888 0 0 0 0.178505
2.24313 0 0 0 0.178882
2.19413 0 0 0 0.178135
2.22138 0 0 0 0.178242
2.12425 0 0 0 0.177693
2.08325 0 0 0 0.178158
2.09713 0 0 0 0.177941
2.114 0 0 0 0.178737
2.106 0 0 0 0.177991
2.1485 0 0 0 0.178603
2.16213 0 0 0 0.178159
2.1185 0 0 0 0.178158
2.169 0 0 0 0.178803
2.148 0 0 0 0.177975
2.13587 0 0 0 0.177491
2.08712 0 0 0 0.176808
2.15187 0 0 0 0.175987
2.1085 0 0 0 0.17697
2.141 0 0 0 0.175289
2.116 0 0 0 0.175501
2.08913 0 0 0 0.17449
2.14887 0 0 0 0.173812
2.1775 0 0 0 0.174408
2.17975 0 0 0 0.1742
2.23787 0 0 0 0.172521
2.27488 0 0 0 0.171352
2.297 0 0 0 0.172364
2.30163 0 0 0 0.17323
2.25925 0 0 0 0.172621
2.26737 0 0 0 0.171702
2.29588 0 0 0 0.173083
2.25163 0 0 0 0.174014
2.31887 0 0 0 0.171364
2.3175 0 0 0 0.171332
2.31062 0 0 0 0.169618
2.35838 0 0 0 0.167027
2.33338 0 0 0 0.169414
2.32938 0 0 0 0.165909
2.39875 0 0 0 0.170156
2.47112 0 0 0 0.173058
2.48062 0 0 0 0.174531
2.55863 0 0 0 0.175251
2.56787 0 0 0 0.173761
2.64225 0 0 0 0.172881
2.67387 0 0 0 0.170989
2.74887 0 0 0 0.169413
2.73462 0 0 0 0.168168
2.71437 0 0 0 0.168848
2.67488 0 0 0 0.170217
2.673 0 0 0 0.166021
2.68063 0 0 0 0.167929
2.68675 0 0 0 0.165684
2.64613 0 0 0 0.169987
2.672 0 0 0 0.167594
2.5715 0 0 0 0.165414
2.54225 0 0 0 0.168468
2.54913 0 0 0 0.168063
2.50513 0 0 0 0.171107
2.465 0 0 0 0.170377
2.39463 0 0 0 0.168738
2.34662 0 0 0 0.171131
2.32175 0 0 0 0.168415
2.265 0 0 0 0.16735
2.28538 0 0 0 0.168457
2.18987 0 0 0 0.168808
2.14175 0 0 0 0.163682
2.2635 0 0 0 0.160365
2.29525 0 0 0 0.160519
2.34138 0 0 0 0.162549
2.39087 0 0 0 0.166593
2.47763 0 0 0 0.169325
2.4805 0 0 0 0.167806
2.45825 0 0 0 0.167904
2.4565 0 0 0 0.165152
2.435 0 0 0 0.160193
2.39575 0 0 0 0.165761
2.35875 0 0 0 0.161791
2.35763 0 0 0 0.162424
2.34375 0 0 0 0.166979
2.30662 0 0 0 0.167155
2.29887 0 0 0 0.170534
2.2735 0 0 0 0.170566
2.24562 0 0 0 0.169249
2.304 0 0 0 0.168126
2.27125 0 0 0 0.167051
2.34325 0 0 0 0.166469
2.33513 0 0 0 0.168589
2.29363 0 0 0 0.170003
2.2685 0 0 0 0.169624
2.257 0 0 0 0.170763
2.27838 0 0 0 0.171504
2.22063 0 0 0 0.17323
2.22213 0 0 0 0.172904
2.254 0 0 0 0.171261
2.21 0 0 0 0.169207
2.24587 0 0 0 0.166993
2.21575 0 0 0 0.166076
2.30538 0 0 0 0.165772
2.27488 0 0 0 0.16496
2.24288 0 0 0 0.167652
2.22075 0 0 0 0.169818
2.24638 0 0 0 0.169378
2.3085 0 0 0 0.168701
2.3005 0 0 0 0.169335
2.38025 0 0 0 0.168895
2.34575 0 0 0 0.167888
2.409 0 0 0 0.168653
2.3925 0 0 0 0.169361
2.41938 0 0 0 0.170105
2.39913 0 0 0 0.168691
2.421 0 0 0 0.163679
2.37525 0 0 0 0.166226
2.38287 0 0 0 0.163688
2.39725 0 0 0 0.164638
2.34388 0 0 0 0.167754
2.34725 0 0 0 0.169745
2.36888 0 0 0 0.16953
2.37663 0 0 0 0.167249
2.36037 0 0 0 0.164289
2.37125 0 0 0 0.164698
2.342 0 0 0 0.164791
2.464 0 0 0 0.169758
2.40175 0 0 0 0.171488
2.41387 0 0 0 0.168805
2.32088 0 0 0 0.168307
2.28262 0 0 0 0.169294
2.41487 0 0 0 0.170482
2.38338 0 0 0 0.168712
2.40525 0 0 0 0.169537
2.37812 0 0 0 0.169424
2.34388 0 0 0 0.171107
2.44413 0 0 0 0.171162
2.4715 0 0 0 0.171179
2.55488 0 0 0 0.169102
2.60613 0 0 0 0.168992
2.65075 0 0 0 0.171939
2.694 0 0 0 0.171386
2.72412 0 0 0 0.168309
2.69612 0 0 0 0.167658
2.65413 0 0 0 0.163508
2.61212 0 0 0 0.158874
2.65062 0 0 0 0.157166
2.72012 0 0 0 0.15472
2.7255 0 0 0 0.156815
2.778 0 0 0 0.157323
2.73225 0 0 0 0.154261
2.75237 0 0 0 0.13646
2.731 0 0 0 0.136346
2.71125 0 0 0 0.145767
2.70038 0 0 0 0.147732
2.5845 0 0 0 0.143058
2.592 0 0 0 0.139962
2.573 0 0 0 0.137625
2.57538 0 0 0 0.145602
2.55713 0 0 0 0.146098
2.58125 0 0 0 0.141484
2.6885 0 0 0 0.136188
2.79525 0 0 0 0.143398
2.8015 0 0 0 0.146995
2.79887 0 0 0 0.151271
2.80088 0 0 0 0.144991
2.8 0 0 0 0.148546
2.67988 0 0 0 0.150597
2.741 0 0 0 0.148895
2.58038 0 0 0 0.149302
2.60613 0 0 0 0.155435
2.5615 0 0 0 0.150622
2.60462 0 0 0 0.154082
2.64412 0 0 0 0.153142
2.609 0 0 0 0.157567
2.67713 0 0 0 0.158279
2.67813 0 0 0 0.155031
2.61025 0 0 0 0.148434
2.64637 0 0 0 0.156249
2.71862 0 0 0 0.163962
2.62712 0 0 0 0.160575
2.5885 0 0 0 0.162022
2.55187 0 0 0 0.161654
2.55437 0 0 0 0.158445
2.61575 0 0 0 0.160195
2.68788 0 0 0 0.155883
2.75237 0 0 0 0.157976
2.71462 0 0 0 0.159134
2.59813 0 0 0 0.161671
2.5825 0 0 0 0.164596
2.40675 0 0 0 0.164348
2.41838 0 0 0 0.1676
2.50575 0 0 0 0.163891
2.39387 0 0 0 0.163907
2.48975 0 0 0 0.166566
2.39363 0 0 0 0.167756
2.21475 0 0 0 0.173316
2.1465 0 0 0 0.174974
2.18688 0 0 0 0.174636
2.18688 0 0 0 0.174621
2.22275 0 0 0 0.175167
2.24562 0 0 0 0.174451
2.28963 0 0 0 0.172998
2.265 0 0 0 0.172364
2.29212 0 0 0 0.172239
2.3135 0 0 0 0.169702
2.23813 0 0 0 0.170786
2.1635 0 0 0 0.17222
2.12275 0 0 0 0.172669
2.10513 0 0 0 0.170889
2.20438 0 0 0 0.171112
2.09512 0 0 0 0.170894
2.085 0 0 0 0.173662
2.10288 0 0 0 0.17384
2.12825 0 0 0 0.17385
2.06575 0 0 0 0.173992
2.03475 0 0 0 0.172044
2.12575 0 0 0 0.17238
2.181 0 0 0 0.172237
2.26912 0 0 0 0.172168
2.23462 0 0 0 0.170698
2.24463 0 0 0 0.169902
2.21612 0 0 0 0.169013
2.20363 0 0 0 0.167236
2.25025 0 0 0 0.169116
2.29813 0 0 0 0.169475
2.33862 0 0 0 0.168051
2.154 0 0 0 0.166013
2.14787 0 0 0 0.168536
2.17425 0 0 0 0.169471
2.15125 0 0 0 0.170722
2.11837 0 0 0 0.171514
2.14662 0 0 0 0.168775
2.15413 0 0 0 0.167189
2.09025 0 0 0 0.164049
2.15437 0 0 0 0.162874
2.17837 0 0 0 0.159343
2.234 0 0 0 0.15835
2.19013 0 0 0 0.16039
2.18825 0 0 0 0.159221
2.2625 0 0 0 0.162239
2.30987 0 0 0 0.158001
2.28775 0 0 0 0.15733
2.3135 0 0 0 0.163119
2.40888 0 0 0 0.161258
2.46963 0 0 0 0.163381
2.49225 0 0 0 0.164493
2.54525 0 0 0 0.160073
2.58175 0 0 0 0.157236
2.59987 0 0 0 0.156766
2.69525 0 0 0 0.155532
2.68375 0 0 0 0.153844
2.744 0 0 0 0.155939
2.72875 0 0 0 0.156625
2.6825 0 0 0 0.158091
2.5855 0 0 0 0.161413
2.62237 0 0 0 0.161362
2.67588 0 0 0 0.160278
2.7005 0 0 0 0.163247
2.67188 0 0 0 0.164489
2.61525 0 0 0 0.160755
2.6585 0 0 0 0.158969
2.58988 0 0 0 0.156159
2.6425 0 0 0 0.156679
2.58338 0 0 0 0.16319
2.586 0 0 0 0.161592
2.606 0 0 0 0.164561
2.52763 0 0 0 0.165042
2.52312 0 0 0 0.163699
2.58925 0 0 0 0.165461
2.57262 0 0 0 0.165967
2.54075 0 0 0 0.167471
2.43312 0 0 0 0.1647
2.33087 0 0 0 0.167375
2.35875 0 0 0 0.166946
2.3805 0 0 0 0.167851
2.31637 0 0 0 0.166765
2.215 0 0 0 0.16919
2.22087 0 0 0 0.170864
2.20538 0 0 0 0.171533
2.18075 0 0 0 0.171829
2.138 0 0 0 0.171683
2.0875 0 0 0 0.172044
1.97788 0 0 0 0.17239
1.84638 0 0 0 0.173041
1.8095 0 0 0 0.173593
1.7665 0 0 0 0.171564
1.69013 0 0 0 0.173669
1.7695 0 0 0 0.174251
1.80838 0 0 0 0.174041
1.83475 0 0 0 0.174472
1.75625 0 0 0 0.174766
1.74263 0 0 0 0.173337
1.77087 0 0 0 0.176161
1.86775 0 0 0 0.175546
1.78838 0 0 0 0.176304
1.77188 0 0 0 0.178438
1.75525 0 0 0 0.178959
1.68837 0 0 0 0.178534
1.76775 0 0 0 0.178572
1.85262 0 0 0 0.178201
1.73713 0 0 0 0.177923
1.77425 0 0 0 0.17856
1.68388 0 0 0 0.177824
1.70463 0 0 0 0.178142
1.69437 0 0 0 0.176707
1.67813 0 0 0 0.174804
1.724 0 0 0 0.174296
1.72338 0 0 0 0.174426
1.7435 0 0 0 0.174998
1.7655 0 0 0 0.174757
1.81587 0 0 0 0.173887
1.80713 0 0 0 0.173322
1.80163 0 0 0 0.173382
1.81225 0 0 0 0.174416
1.83875 0 0 0 0.174425
1.827 0 0 0 0.173317
1.88425 0 0 0 0.17441
1.94613 0 0 0 0.173807
1.83425 0 0 0 0.17204
1.91688 0 0 0 0.174089
1.885 0 0 0 0.174661
1.87363 0 0 0 0.174699
1.90025 0 0 0 0.175797
1.78175 0 0 0 0.175791
1.679 0 0 0 0.176444
1.70162 0 0 0 0.175253
1.72425 0 0 0 0.175487
1.7125 0 0 0 0.172389
1.65387 0 0 0 0.173219
1.69162 0 0 0 0.17235
1.69 0 0 0 0.175303
1.72138 0 0 0 0.175421
1.7675 0 0 0 0.173731
1.84688 0 0 0 0.174528
1.88662 0 0 0 0.173918
1.82238 0 0 0 0.174069
1.79275 0 0 0 0.173049
1.79238 0 0 0 0.173601
1.75025 0 0 0 0.174315
1.78325 0 0 0 0.174932
1.81275 0 0 0 0.173316
1.80025 0 0 0 0.171506
1.84387 0 0 0 0.171891
1.91538 0 0 0 0.171795
1.86787 0 0 0 0.171866
1.81888 0 0 0 0.172071
1.89013 0 0 0 0.170974
1.95075 0 0 0 0.170393
1.908 0 0 0 0.168769
1.88488 0 0 0 0.167354
1.81337 0 0 0 0.168794
1.81725 0 0 0 0.169913
1.85337 0 0 0 0.169929
1.83763 0 0 0 0.167631
1.79925 0 0 0 0.171718
1.78763 0 0 0 0.175038
1.7755 0 0 0 0.174833
1.807 0 0 0 0.174294
1.81737 0 0 0 0.173894
1.93325 0 0 0 0.174111
1.89512 0 0 0 0.175011
1.94575 0 0 0 0.177718
1.92162 0 0 0 0.177769
1.92525 0 0 0 0.175203
1.99487 0 0 0 0.173441
1.96388 0 0 0 0.170739
1.91975 0 0 0 0.171523
1.8845 0 0 0 0.170862
1.89538 0 0 0 0.171279
1.83288 0 0 0 0.170255
1.76638 0 0 0 0.171024
1.77275 0 0 0 0.172998
1.81438 0 0 0 0.173651
1.78612 0 0 0 0.173108
1.71637 0 0 0 0.172982
1.73863 0 0 0 0.172874
1.7375 0 0 0 0.171683
1.76425 0 0 0 0.170231
1.79113 0 0 0 0.172402
1.69063 0 0 0 0.173284
1.6055 0 0 0 0.17416
1.67738 0 0 0 0.175674
1.72212 0 0 0 0.174103
1.68388 0 0 0 0.172982
1.71263 0 0 0 0.174893
1.74913 0 0 0 0.176088
1.72713 0 0 0 0.175662
1.70887 0 0 0 0.175154
1.64525 0 0 0 0.17583
1.5835 0 0 0 0.176521
1.573 0 0 0 0.177127
1.60825 0 0 0 0.175943
1.62725 0 0 0 0.174616
1.56913 0 0 0 0.175272
1.63825 0 0 0 0.176386
1.7055 0 0 0 0.174999
1.67287 0 0 0 0.174932
1.65637 0 0 0 0.175904
1.61813 0 0 0 0.177293
1.61725 0 0 0 0.176348
1.6385 0 0 0 0.175156
1.62462 0 0 0 0.176472
1.60375 0 0 0 0.177034
1.59363 0 0 0 0.177093
1.54275 0 0 0 0.177516
1.46913 0 0 0 0.178327
1.42338 0 0 0 0.177626
1.4475 0 0 0 0.177181
1.52487 0 0 0 0.177
1.55688 0 0 0 0.17781
1.63187 0 0 0 0.178461
1.673 0 0 0 0.177699
1.72538 0 0 0 0.177589
1.68788 0 0 0 0.17705
1.67538 0 0 0 0.177538
1.62125 0 0 0 0.177848
1.63775 0 0 0 0.177288
1.57088 0 0 0 0.177291
1.55375 0 0 0 0.178093
1.5655 0 0 0 0.178142
1.60525 0 0 0 0.178854
1.61437 0 0 0 0.178519
1.6105 0 0 0 0.178527
1.667 0 0 0 0.178485
1.55625 0 0 0 0.178229
1.5455 0 0 0 0.177256
1.51012 0 0 0 0.178026
1.4945 0 0 0 0.177651
1.51188 0 0 0 0.177999
1.47625 0 0 0 0.177391
1.51263 0 0 0 0.177973
1.5695 0 0 0 0.177743
1.63363 0 0 0 0.177909
1.69825 0 0 0 0.177757
1.632 0 0 0 0.178313
1.64712 0 0 0 0.178192
1.63225 0 0 0 0.178026
1.64587 0 0 0 0.177998
1.72562 0 0 0 0.177726
1.7195 0 0 0 0.177857
1.69975 0 0 0 0.1772
1.75713 0 0 0 0.1775
1.77275 0 0 0 0.178871
1.83712 0 0 0 0.177423
1.76862 0 0 0 0.178206
1.71087 0 0 0 0.17736
1.7295 0 0 0 0.177115
1.74962 0 0 0 0.177326
1.824 0 0 0 0.177151
1.81763 0 0 0 0.175361
1.758 0 0 0 0.174978
1.70575 0 0 0 0.175677
1.65575 0 0 0 0.176394
1.68738 0 0 0 0.175014
1.62787 0 0 0 0.175809
1.68263 0 0 0 0.175584
1.72837 0 0 0 0.174725
1.69312 0 0 0 0.174541
1.73063 0 0 0 0.174123
1.66787 0 0 0 0.175149
1.683 0 0 0 0.175922
1.68762 0 0 0 0.177348
1.68762 0 0 0 0.177363
1.7225 0 0 0 0.177647
1.69962 0 0 0 0.177617
1.66562 0 0 0 0.176793
1.74362 0 0 0 0.175586
1.71988 0 0 0 0.176055
1.7 0 0 0 0.176141
1.73537 0 0 0 0.177362
1.6935 0 0 0 0.176595
1.7425 0 0 0 0.176499
1.7815 0 0 0 0.176674
1.8195 0 0 0 0.176717
1.826 0 0 0 0.175887
1.84413 0 0 0 0.176166
1.83088 0 0 0 0.176408
1.83662 0 0 0 0.177938
1.8865 0 0 0 0.176513
1.842 0 0 0 0.176199
1.8525 0 0 0 0.176628
1.89138 0 0 0 0.176974
1.97925 0 0 0 0.176874
2.00612 0 0 0 0.176542
2.00237 0 0 0 0.175592
1.9915 0 0 0 0.173493
1.9705 0 0 0 0.173539
1.882 0 0 0 0.1735
1.86875 0 0 0 0.171984
1.94663 0 0 0 0.171712
1.94813 0 0 0 0.172138
1.96562 0 0 0 0.171761
1.95875 0 0 0 0.170607
2.00525 0 0 0 0.171494
1.98237 0 0 0 0.172771
2.0235 0 0 0 0.171624
2.0305 0 0 0 0.169672
2.097 0 0 0 0.166101
2.05475 0 0 0 0.16928
2.04663 0 0 0 0.168414
2.04013 0 0 0 0.166466
2.079 0 0 0 0.16273
2.13912 0 0 0 0.16686
2.2215 0 0 0 0.16762
2.29537 0 0 0 0.166883
2.28725 0 0 0 0.168449
2.22412 0 0 0 0.170438
2.3215 0 0 0 0.169427
2.34388 0 0 0 0.170465
2.37575 0 0 0 0.165124
2.272 0 0 0 0.165201
2.3645 0 0 0 0.165801
2.31487 0 0 0 0.163829
2.345 0 0 0 0.163189
2.37962 0 0 0 0.164914
2.39312 0 0 0 0.162546
2.34775 0 0 0 0.16214
2.352 0 0 0 0.163901
2.34075 0 0 0 0.159307
2.36937 0 0 0 0.158968
2.34437 0 0 0 0.158567
2.3575 0 0 0 0.157356
2.34563 0 0 0 0.165679
2.32888 0 0 0 0.164982
2.41025 0 0 0 0.16737
2.42588 0 0 0 0.16595
2.53037 0 0 0 0.165965
2.5605 0 0 0 0.163607
2.572 0 0 0 0.161723
2.60338 0 0 0 0.161762
2.6775 0 0 0 0.164243
2.597 0 0 0 0.164065
2.60425 0 0 0 0.164721
2.6525 0 0 0 0.162109
2.65713 0 0 0 0.160472
2.65788 0 0 0 0.161106
2.617 0 0 0 0.158847
2.57625 0 0 0 0.152988
2.62363 0 0 0 0.15493
2.64425 0 0 0 0.158014
2.69025 0 0 0 0.155743
2.71025 0 0 0 0.156737
2.65575 0 0 0 0.150515
2.6745 0 0 0 0.148786
2.76112 0 0 0 0.147866
2.78575 0 0 0 0.15096
2.78538 0 0 0 0.147128
2.8345 0 0 0 0.144447
2.84525 0 0 0 0.148748
2.8405 0 0 0 0.153341
2.88238 0 0 0 0.154892
2.9285 0 0 0 0.154598
2.94188 0 0 0 0.148213
3.03238 0 0 0 0.142734
3.04438 1 0 0.148713 0.279212
3.03987 1 0 0.147761 0.281476
2.99363 1 0 0.152014 0.285162
2.992 1 0 0.15366 0.284591
3.06038 1 0 0.156724 0.282968
3.13388 1 0 0.154529 0.281909
3.16412 1 0 0.156271 0.278824
3.13037 1 0 0.157629 0.280964
3.09 1 0 0.159897 0.283412
3.06588 1 0 0.160614 0.282509
3.14737 1 0 0.161498 0.288703
3.08175 1 0 0.160551 0.289839
3.12188 1 0 0.160719 0.285809
3.1405 1 0 0.15724 0.282565
3.20412 1 0 0.148715 0.2663
3.21675 1 0 0.148082 0.260127
3.177 1 0 0.145426 0.261613
3.07725 1 0 0.14713 0.255992
2.92862 1 0 0.146038 0.247908
2.94862 1 0 0.140154 0.240678
2.98137 1 0 0.137946 0.244373
2.9125 1 0 0.136092 0.247882
2.9805 1 0 0.136531 0.247549
2.98563 1 0 0.13737 0.251169
3.0115 1 0 0.135392 0.253996
3.0085 1 0 0.136233 0.257113
2.96025 1 0 0.131495 0.244803
2.94013 1 0 0.115375 0.2375
2.95225 1 0 0.116352 0.220591
2.94862 1 0 0.10608 0.227097
2.95925 1 0 0.101887 0.20715
3.01925 1 0 0.114818 0.208047
3.08312 1 0 0.106579 0.217475
3.1175 1 0 0.102659 0.21626
3.17663 1 0 0.101116 0.213094
3.23488 1 0 0.108191 0.224005
3.21738 1 0 0.0971295 0.218416
3.19638 1 0 0.0927178 0.201686
3.18063 1 0 0.104823 0.205505
3.23163 1 0 0.1024 0.206483
3.15437 1 0 0.115541 0.206346
3.21825 1 0 0.123861 0.213868
3.22562 1 0 0.126726 0.230456
3.19212 1 0 0.12872 0.234221
3.17375 1 0 0.12391 0.233717
3.20175 1 0 0.12343 0.235454
3.273 1 0 0.11737 0.231397
3.27787 1 0 0.124107 0.23719
3.24688 1 0 0.121351 0.230718
3.25125 1 0 0.122905 0.22472
3.27263 1 0 0.11963 0.23475
3.30812 1 0 0.109167 0.235833
3.2635 1 0 0.0868457 0.240136
3.19988 1 0 0.0767579 0.226482
3.20463 1 0 0.0647341 0.222062
3.20213 1 0 0.0783078 0.213754
3.194 1 0 0.0845484 0.210564
3.19362 1 0 0.0906646 0.207392
3.2395 1 0 0.0927132 0.201186
3.24613 1 0 0.090057 0.194934
3.2605 1 0 0.0915276 0.191391
3.2685 1 0 0.0964042 0.196535
3.28037 1 0 0.095752 0.188687
3.28388 1 0 0.0946969 0.192774
3.27725 1 0 0.0955138 0.200046
3.28875 1 0 0.0928831 0.192981
3.25287 1 0 0.0998485 0.191897
3.29113 1 0 0.0995428 0.195498
3.301 1 0 0.0999914 0.206761
3.2485 1 0 0.0999985 0.210272
3.23125 1 0 0.0949333 0.216197
3.23375 1 0 0.0996383 0.224673
3.234 1 0 0.0986278 0.235391
3.18838 1 0 0.0878345 0.235086
3.19713 1 0 0.0790549 0.227872
3.18838 1 0 0.0902416 0.215228
3.10237 1 0 0.0901793 0.218365
3.05463 1 0 0.0971381 0.220881
3.07737 1 0 0.0996643 0.217653
3.1355 1 0 0.0963948 0.224909
3.12637 1 0 0.0999959 0.232059
3.14113 1 0 0.0998232 0.240135
3.19387 1 0 0.0987401 0.240806
3.20375 1 0 0.0991804 0.239611
3.13825 1 0 0.0999995 0.233622
3.14425 1 0 0.0933647 0.229724
3.08475 1 0 0.0970004 0.234316
3.117 1 0 0.0946746 0.225638
3.206 1 0 0.0964453 0.232707
3.19625 1 0 0.0956857 0.238684
3.208 1 0 0.0974901 0.240803
3.199 1 0 0.0934305 0.239078
3.14337 1 0 0.0940534 0.239125
3.13762 1 0 0.0837678 0.241476
3.16425 1 0 0.0802563 0.242043
3.248 1 0 0.090492 0.249358
3.11675 1 0 0.0791513 0.24734
3.12087 1 0 0.0838412 0.249169
3.18213 1 0 0.0723851 0.246099
3.20175 1 0 0.0773951 0.244981
3.24737 1 0 0.0787165 0.241059
3.27663 1 0 0.0850402 0.250343
3.30025 1 0 0.0802879 0.249557
3.21638 1 0 0.0892817 0.253275
3.13225 1 0 0.0927658 0.251767
3.16188 1 0 0.0963539 0.252736
3.209 1 0 0.0883599 0.248198
3.10338 1 0 0.0877343 0.250569
3.109 1 0 0.0949877 0.254399
3.14562 1 0 0.0931467 0.256077
3.128 1 0 0.0900638 0.251403
3.189 1 0 0.0955064 0.250422
3.2595 1 0 0.0961529 0.250819
3.28087 1 0 0.0998743 0.251139
3.2495 1 0 0.0968488 0.25112
3.37263 1 0 0.0962622 0.248114
3.34762 1 0 0.0941322 0.242466
3.3595 1 0 0.0987395 0.242021
3.34388 1 0 0.099947 0.246598
3.40725 1 0 0.0999748 0.245766
3.47838 1 0 0.098317 0.239589
3.48525 1 0 0.0992334 0.243662
3.51837 1 0 0.0935852 0.240954
3.55125 1 0 0.0887874 0.246378
3.4815 1 0 0.0885319 0.23803
3.5175 1 0 0.0832724 0.241984
3.5055 1 0 0.0677626 0.239169
3.53275 1 0 0.0812222 0.242209
3.53163 1 0 0.0677867 0.239157
3.504 1 0 0.070823 0.238024
3.52712 1 0 0.08177 0.239543
3.50925 1 0 0.0779213 0.237312
3.50625 1 0 0.085342 0.238281
3.4715 1 0 0.0812377 0.240772
3.503 1 0 0.092008 0.239987
3.605 1 0 0.0998724 0.236721
3.59337 1 0 0.0962167 0.235577
3.62213 1 0 0.0826093 0.238319
3.63338 1 0 0.0715699 0.242598
3.65462 1 0 0.0638969 0.228368
3.64262 1 0 0.0581598 0.226268
3.74275 1 0 0.0580644 0.219731
3.74875 1 0 0.0793007 0.225069
3.73575 1 0 0.0516805 0.223632
3.76412 1 0 0.0417352 0.211369
3.64925 1 0 0.0430149 0.214357
3.62263 1 0 0.0464718 0.21434
3.58325 1 0 0.0625953 0.219955
3.54312 1 0 0.0480936 0.219559
3.52588 1 0 0.0559836 0.223781
3.574 1 0 0.0711205 0.221783
3.50488 1 0 0.0837443 0.218302
3.59662 1 0 0.075 0.216809
3.61275 1 0 0.0704666 0.221192
3.57812 1 0 0.076242 0.21919
3.57563 1 0 0.0651162 0.214272
3.55388 1 0 0.0586284 0.20597
3.69713 1 0 0.0661172 0.215994
3.68925 1 0 0.0516375 0.21374
3.60825 1 0 0.0397016 0.22356
3.68012 1 0 0.0344671 0.224948
3.68675 1 0 0.0323361 0.227731
3.65825 1 0 0.0415887 0.225154
3.59813 1 0 0.0355016 0.215615
3.657 1 0 0.0319768 0.20591
3.647 1 0 0.0215098 0.198456
3.7065 1 0 0.028912 0.20979
3.66763 1 0 0.0415572 0.219503
3.57325 1 0 0.0277345 0.219615
3.53075 1 0 0.0306565 0.225971
3.55812 1 0 0.0485544 0.229157
3.60787 1 0 0.0693515 0.23357
3.63175 1 0 0.0471074 0.224207
3.62938 1 0 0.0512503 0.22556
3.61212 1 0 0.0506113 0.221705
3.64012 1 0 0.0451303 0.221982
3.569 1 0 0.0226517 0.224951
3.50988 1 0 0.034032 0.228337
3.46413 1 0 0.026417 0.224547
3.43788 1 0 0.0263689 0.234147
3.40725 1 0 0.0258138 0.236515
3.48088 1 0 0.0211662 0.231049
3.4455 1 0 0.0149181 0.224089
3.4385 1 0 0.00207248 0.220336
3.52975 1 0 0.00254227 0.218396
3.5325 1 0 0.00513557 0.229403
3.54887 1 0 0 0.23041
3.5905 1 0 0.00380013 0.226836
3.53125 1 0 0.00237146 0.223979
3.53025 1 0 0.00292489 0.213273
3.6015 1 0 0.00163263 0.223135
3.50838 1 0 0 0.225035
3.436 1 0 0 0.220859
3.48725 1 0 0 0.210889
3.488 1 0 0 0.205985
3.42163 1 0 0 0.190372
3.40075 1 0 0 0.183329
3.36987 1 0 0 0.181249
3.32075 1 0 0 0.187216
3.23513 1 0 0 0.188395
3.096 1 0 0 0.186121
3.10363 1 0 0 0.182861
2.99075 1 0 0 0.182501
2.95587 1 0 0 0.183168
2.965 1 0 0 0.177507
2.92762 1 0 0 0.177068
2.85375 1 0 0 0.1806
2.939 1 0 0 0.180639
2.95825 1 0 0 0.180275
2.9665 1 0 0 0.182317
2.96775 1 0 0 0.177453
2.94537 1 0 0 0.176575
2.92413 1 0 0 0.179263
2.93213 1 0 0 0.176831
2.9665 1 0 0 0.173619
2.9005 1 0 0 0.174638
2.95375 1 0 0 0.174601
2.98312 1 0 0 0.177152
2.98438 1 0 0 0.173752
2.94375 1 0 0 0.177824
2.92988 1 0 0 0.176234
2.97313 1 0 0 0.17895
2.99125 1 0 0 0.178475
2.98988 1 0 0 0.187193
2.9635 1 0 0 0.194809
2.91938 1 0 0.00191996 0.196632
2.84813 1 0 0.00117473 0.193133
2.80213 1 0 0.0005891 0.190223
2.8325 1 0 0 0.188383
2.86813 1 0 0 0.194884
2.91425 1 0 0 0.200592
2.96787 1 0 0 0.206483
2.90862 1 0 0 0.204402
2.92837 1 0 0 0.199072
2.91688 1 0 0 0.199322
3.03688 1 0 0 0.193073
3.10525 1 0 0 0.189945
3.18737 1 0 0 0.198791
3.14662 1 0 0 0.190678
3.19275 1 0 0 0.198381
3.23937 1 0 0 0.205091
3.26388 1 0 0 0.201245
3.21988 1 0 0 0.198711
3.173 1 0 0 0.199678
3.15738 1 0 0 0.189138
3.15275 1 0 0 0.186532
3.15475 1 0 0 0.18492
3.161 1 0 0 0.182061
3.1025 1 0 0 0.177525
3.11587 1 0 0 0.173394
3.104 1 0 0 0.171531
3.11163 1 0 0 0.166229
3.1155 1 0 0 0.166986
3.18388 1 1 0 0.167623
3.24925 1 1 0 0.165282
3.23488 1 1 0 0.164523
3.30837 1 1 0 0.163296
3.31763 1 1 0 0.167037
3.32125 1 1 0 0.169473
3.32675 1 1 0 0.167791
3.31637 1 1 0 0.170562
3.29562 1 1 0 0.170389
3.38738 1 1 0 0.170873
3.40862 1 1 0 0.172383
3.45125 1 1 0 0.172511
3.4635 1 1 0 0.171132
3.53725 1 1 0 0.169757
3.50287 1 1 0 0.170183
3.43887 1 1 0 0.171845
3.40525 1 1 0 0.169071
3.44013 1 1 0 0.162001
3.53475 1 1 0 0.168293
3.56962 1 1 0 0.172627
3.57512 1 1 0 0.175685
3.55625 1 1 0 0.174007
3.60562 1 1 0 0.1752
3.56475 1 1 0 0.173958
3.53012 1 1 0 0.174988
3.534 1 1 0 0.174014
3.607 1 1 0 0.173499
3.55675 1 1 0 0.172977
3.471 1 1 0 0.173221
3.35663 1 1 0 0.171024
3.29787 1 1 0 0.170434
3.22225 1 1 0 0.170268
3.27162 1 1 0 0.170504
3.17025 1 1 0 0.174216
3.15 1 1 0 0.174621
3.1655 1 1 0 0.175558
3.14588 1 1 0 0.1766
3.21663 1 1 0 0.176335
3.11563 1 1 0 0.176734
3.06625 1 1 0 0.176415
2.96687 1 1 0 0.176273
2.9465 1 1 0 0.17569
2.9255 1 1 0 0.1753
3.00675 1 1 0 0.174599
3.05012 1 1 0 0.172773
3.12975 1 1 0 0.1736
3.05325 1 1 0 0.172852
2.90762 1 1 0 0.171477
2.78262 1 1 0 0.172531
2.72325 1 1 0 0.171709
2.58738 1 1 0 0.174198
2.59825 1 1 0 0.175385
2.60462 1 1 0 0.174182
2.474 1 1 0 0.174585
2.57987 1 1 0 0.175561
2.61388 1 1 0 0.175207
2.66075 1 1 0 0.17617
2.68038 1 1 0 0.176553
2.59138 1 1 0 0.176192
2.54575 1 1 0 0.175262
2.48725 1 1 0 0.174753
2.48988 1 1 0 0.175266
2.48513 1 1 0 0.176856
2.48163 1 1 0 0.177152
2.47512 1 1 0 0.176665
2.53475 1 1 0 0.176007
2.584 1 1 0 0.176628
2.59225 1 1 0 0.176904
2.5615 1 1 0 0.177781
2.55063 1 1 0 0.177264
2.56212 1 1 0 0.177979
2.49388 1 1 0 0.177915
2.47662 1 1 0 0.178459
2.50387 1 1 0 0.178677
2.48062 1 1 0 0.178441
2.44163 1 1 0 0.178127
2.50637 1 1 0 0.177782
2.53475 1 1 0 0.178512
2.51262 1 1 0 0.178669
2.4855 1 1 0 0.178458
2.47138 1 1 0 0.177888
2.48037 1 1 0 0.177469
2.54838 1 1 0 0.177085
2.53538 1 1 0 0.176355
2.56325 1 1 0 0.177191
2.52212 1 1 0 0.177471
2.51512 1 1 0 0.176398
2.5575 1 1 0 0.176585
2.5245 1 1 0 0.175484
2.493 1 1 0 0.174826
2.45063 1 1 0 0.176199
2.49925 1 1 0 0.176205
2.55975 1 1 0 0.17631
2.59037 1 1 0 0.174722
2.601 1 1 0 0.176549
2.64562 1 1 0 0.175511
2.65612 1 1 0 0.174695
2.69963 1 1 0 0.175568
2.72225 1 1 0 0.176005
2.71813 1 1 0 0.176449
2.76688 1 1 0 0.175809
2.80488 1 1 0 0.176261
2.80025 1 1 0 0.176564
2.76225 1 1 0 0.176358
2.75163 1 1 0 0.176257
2.7735 1 1 0 0.175875
2.81175 1 1 0 0.17597
2.80875 1 1 0 0.175773
2.84737 1 1 0 0.176134
2.946 1 1 0 0.175978
3.05 1 1 0 0.175738
2.96263 1 1 0 0.174172
3.00862 1 1 0 0.175738
2.89875 1 1 0 0.175413
2.89637 1 1 0 0.175475
2.99625 1 1 0 0.175834
2.8585 1 1 0 0.177192
2.88075 1 1 0 0.176341
2.78288 1 1 0 0.175161
2.72938 1 1 0 0.174994
2.69238 1 1 0 0.174506
2.797 1 1 0 0.174416
2.76388 1 1 0 0.173352
2.763 1 1 0 0.173669
2.7295 1 1 0 0.174271
2.71738 1 1 0 0.173803
2.73 1 1 0 0.174027
2.74175 1 1 0 0.172515
2.79462 1 1 0 0.171228
2.7935 1 1 0 0.170288
2.81988 1 1 0 0.169105
2.82025 1 1 0 0.168257
2.837 1 1 0 0.170375
2.84225 1 1 0 0.172606
2.84388 1 1 0 0.172691
2.92212 1 1 0 0.173747
2.91863 1 1 0 0.171571
2.936 1 1 0 0.171845
2.8805 1 1 0 0.171192
2.894 1 1 0 0.171193
2.83913 1 1 0 0.170947
2.82975 1 1 0 0.174211
2.733 1 1 0 0.176331
2.74887 1 1 0 0.175277
2.7685 1 1 0 0.174699
2.83688 1 1 0 0.174863
2.84325 1 1 0 0.174669
2.843 1 1 0 0.174741
2.89325 1 1 0 0.171901
2.9305 1 1 0 0.171554
2.94925 1 1 0 0.171926
3.01412 1 1 0 0.17225
3.11025 1 1 0 0.169357
3.07625 1 1 0 0.168202
3.02562 1 1 0 0.168467
3.012 1 1 0 0.164382
3.062 1 1 0 0.162709
3.08562 1 1 0 0.165092
3.18 1 1 0 0.168945
3.23037 1 1 0 0.16695
3.27763 1 1 0 0.163837
3.3185 1 1 0 0.164815
3.32587 1 1 0 0.164599
3.4465 1 1 0 0.167312
3.51425 1 1 0 0.167359
3.57837 1 1 0 0.16945
3.61413 1 1 0 0.164847
3.70038 1 1 0 0.167513
3.7385 1 1 0 0.165596
3.72288 1 1 0 0.166035
3.64588 1 1 0 0.166838
3.613 1 1 0 0.168836
3.55638 1 1 0 0.169982
3.55737 1 1 0 0.169735
3.59075 1 1 0 0.170082
3.60288 1 1 0 0.167625
3.68375 1 1 0 0.16873
3.65512 1 1 0 0.169159
3.59975 1 1 0 0.168286
3.59325 1 1 0 0.170037
3.61238 1 1 0 0.173218
3.60288 1 1 0 0.172743
3.65687 1 1 0 0.170766
3.59112 1 1 0 0.170895
3.55713 1 1 0 0.173405
3.60012 1 1 0 0.172767
3.60787 1 1 0 0.168245
3.6225 1 1 0 0.166109
3.588 1 1 0 0.160964
3.558 1 1 0 0.163411
3.5985 1 1 0 0.160918
3.599 1 1 0 0.165885
3.61687 1 1 0 0.168252
3.57938 1 1 0 0.167625
3.5825 1 1 0 0.168229
3.5505 1 1 0 0.166888
3.59175 1 1 0 0.166946
3.64475 1 1 0 0.167513
3.71725 1 1 0 0.161997
3.69937 1 1 0 0.158781
3.66613 1 1 0 0.155842
3.71638 1 1 0 0.156991
3.677 1 1 0 0.15504
3.67163 1 1 0 0.154716
3.67825 1 1 0 0.154651
3.66962 1 1 0 0.159888
3.713 1 1 0 0.154261
3.77675 1 1 0 0.159489
3.8295 1 1 0 0.164857
3.871 1 1 0 0.168208
3.865 1 1 0 0.173182
3.8515 1 1 0 0.174596
3.85162 1 1 0 0.176488
3.79825 1 1 0 0.174192
3.77062 1 1 0 0.174091
3.59037 1 1 0 0.175433
3.51175 1 1 0 0.170499
3.37675 1 1 0 0.16973
3.32488 1 1 0 0.174493
3.327 1 1 0 0.175609
3.33425 1 1 0 0.174826
3.25625 1 1 0 0.173626
3.21175 1 1 0 0.17331
3.205 1 1 0 0.172084
3.25237 1 1 0 0.173481
3.217 1 1 0 0.173581
3.01675 1 1 0 0.17273
3.05412 1 1 0 0.173328
3.0245 1 1 0 0.172751
2.98862 1 1 0 0.173676
2.94 1 1 0 0.172926
2.79113 1 1 0 0.173645
2.74538 1 1 0 0.17303
2.74313 1 1 0 0.172827
2.75088 1 1 0 0.170174
2.75513 1 1 0 0.170271
2.71612 1 1 0 0.171473
2.8315 1 1 0 0.171131
2.81387 1 1 0 0.17134
2.8475 1 1 0 0.172021
2.86275 1 1 0 0.17202
2.91613 1 1 0 0.171538
2.9485 1 1 0 0.169983
2.946 1 1 0 0.170734
2.98263 1 1 0 0.171589
2.98913 1 1 0 0.171285
3.0055 1 1 0 0.172419
3.034 1 1 0 0.174989
3.02825 1 1 0 0.175579
2.97812 1 1 0 0.175414
3.02562 1 1 0 0.175063
3.02312 1 1 0 0.175021
3.06137 1 1 0 0.173908
2.99662 1 1 0 0.174599
3.017 1 1 0 0.175032
2.9945 1 1 0 0.174484
3.00438 1 1 0 0.173609
2.9255 1 1 0 0.174917
2.93275 1 1 0 0.175094
2.9855 1 1 0 0.174897
3.00237 1 1 0 0.175279
3.02738 1 1 0 0.175603
3.04738 1 1 0 0.17518
3.06513 1 1 0 0.175239
3.04062 1 1 0 0.175076
3.01837 1 1 0 0.175003
3.01662 1 1 0 0.175521
2.98525 1 1 0 0.175962
3.035 1 1 0 0.175625
3.13088 1 1 0 0.174583
3.1595 1 1 0 0.174085
3.19687 1 1 0 0.175803
3.1615 1 1 0 0.175239
3.18938 1 1 0 0.17641
3.28725 1 1 0 0.174295
3.24187 1 1 0 0.173599
3.2275 1 1 0 0.173721
3.25375 1 1 0 0.17392
3.2535 1 1 0 0.174028
3.27862 1 1 0 0.17442
3.19287 1 1 0 0.173506
3.24713 1 1 0 0.172092
3.19088 1 1 0 0.170335
3.22788 1 1 0 0.173079
3.28538 1 1 0 0.173828
3.42013 1 1 0 0.173623
3.43913 1 1 0 0.174923
3.44875 1 1 0 0.174559
3.48062 1 1 0 0.173725
3.40238 1 1 0 0.173091
3.398 1 1 0 0.17542
3.39487 1 1 0 0.17394
3.3845 1 1 0 0.17396
3.40175 1 1 0 0.173802
3.37288 1 1 0 0.175017
3.35675 1 1 0 0.174991
3.37925 1 1 0 0.173387
3.34013 1 1 0 0.173365
3.34925 1 1 0 0.175095
3.33487 1 1 0 0.176024
3.286 1 1 0 0.175347
3.3105 1 1 0 0.174918
3.38362 1 1 0 0.171454
3.35275 1 1 0 0.175235
3.34088 1 1 0 0.175748
3.22112 1 1 0 0.175433
3.28213 1 1 0 0.173294
3.29688 1 1 0 0.174126
3.23275 1 1 0 0.173996
3.21075 1 1 0 0.176013
3.24175 1 1 0 0.173475
3.21575 1 1 0 0.174459
3.1415 1 1 0 0.177052
3.03163 1 1 0 0.175845
3.10838 1 1 0 0.177161
3.06738 1 1 0 0.174651
3.12475 1 1 0 0.174712
3.175 1 1 0 0.175329
3.17163 1 1 0 0.175762
3.17925 1 1 0 0.173596
3.248 1 1 0 0.174523
3.19738 1 1 0 0.174862
3.2875 1 1 0 0.174616
3.20562 1 1 0 0.174141
3.23687 1 1 0 0.173367
3.30825 1 1 0 0.173854
3.42137 1 1 0 0.171448
3.43562 1 1 0 0.170067
3.3635 1 1 0 0.168124
3.35887 1 1 0 0.168897
3.29862 1 1 0 0.170111
3.30775 1 1 0 0.170212
3.42775 1 1 0 0.171187
3.36975 1 1 0 0.170904
3.37113 1 1 0 0.171985
3.35137 1 1 0 0.171389
3.351 1 1 0 0.171504
3.43375 1 1 0 0.173333
3.39262 1 1 0 0.174324
3.36488 1 1 0 0.175722
3.36738 1 1 0 0.176658
3.39038 1 1 0 0.175216
3.27375 1 1 0 0.173124
3.21425 1 1 0 0.174598
3.1735 1 1 0 0.174612
3.16562 1 1 0 0.176364
3.09525 1 1 0 0.174782
3.1225 1 1 0 0.174372
3.211 1 1 0 0.175292
3.21663 1 1 0 0.175291
3.15725 1 1 0 0.175674
3.1585 1 1 0 0.175388
3.13137 1 1 0 0.173764
3.2435 1 1 0 0.174061
3.152 1 1 0 0.173027
3.15587 1 1 0 0.170217
3.11788 1 1 0 0.168591
3.16175 1 1 0 0.169674
3.12812 1 1 0 0.170136
3.1015 1 1 0 0.173693
3.0155 1 1 0 0.174864
2.92588 1 1 0 0.173768
2.85125 1 1 0 0.172021
2.95012 1 1 0 0.171344
2.84013 1 1 0 0.173555
2.804 1 1 0 0.173215
2.74063 1 1 0 0.175202
2.80063 1 1 0 0.174863
2.90362 1 1 0 0.174205
2.92275 1 1 0 0.173723
2.84912 1 1 0 0.175271
2.82925 1 1 0 0.177049
2.79525 1 1 0 0.178159
2.78187 1 1 0 0.178125
2.80262 1 1 0 0.178563
2.76087 1 1 0 0.17811
2.88975 1 1 0 0.178581
2.90738 1 1 0 0.177795
2.88662 1 1 0 0.177867
2.85913 1 1 0 0.17814
2.85162 1 1 0 0.178868
2.81525 1 1 0 0.178607
2.83062 1 1 0 0.178033
2.8105 1 1 0 0.178332
2.82812 1 1 0 0.178792
2.74337 1 1 0 0.178683
2.75375 1 1 0 0.178111
2.70438 1 1 0 0.178089
2.72637 1 1 0 0.177167
2.70587 1 1 0 0.177133
2.77775 1 1 0 0.175486
2.86212 1 1 0 0.175031
2.82412 1 1 0 0.175893
2.8015 1 1 0 0.175799
2.74162 1 1 0 0.175491
2.74475 1 1 0 0.175114
2.715 1 1 0 0.175255
2.68237 1 1 0 0.17583
2.73775 1 1 0 0.176662
2.77387 1 1 0 0.177442
2.74313 1 1 0 0.176722
2.68737 1 1 0 0.176435
2.63425 1 1 0 0.176619
2.59612 1 1 0 0.177167
2.53525 1 1 0 0.176274
2.52062 1 1 0 0.176341
2.48413 1 1 0 0.17673
2.57725 1 1 0 0.175981
2.57713 1 1 0 0.17498
2.6225 1 1 0 0.172575
2.65862 1 1 0 0.17317
2.63575 1 1 0 0.170945
2.65437 1 1 0 0.171551
2.72838 1 1 0 0.174594
2.73663 1 1 0 0.17279
2.782 1 1 0 0.171984
2.84063 1 1 0 0.173322
2.89513 1 1 0 0.17359
2.87138 1 1 0 0.175936
2.84662 1 1 0 0.17527
2.89363 1 1 0 0.174078
2.959 1 1 0 0.175769
2.95162 1 1 0 0.176166
2.9595 1 1 0 0.176587
2.97125 1 1 0 0.177485
3.00212 1 1 0 0.177029
2.91925 1 1 0 0.176812
2.93012 1 1 0 0.177098
2.90187 1 1 0 0.178058
2.9415 1 1 0 0.176792
2.961 1 1 0 0.175589
2.9535 1 1 0 0.176473
3.01775 1 1 0 0.176768
3.03388 1 1 0 0.176681
2.99662 1 1 0 0.176521
3.00738 1 1 0 0.17645
3.01825 1 1 0 0.174403
3.05475 1 1 0 0.171712
3.03125 1 1 0 0.172514
3.05613 1 1 0 0.170261
3.073 1 1 0 0.174082
3.18875 1 1 0 0.173131
3.13125 1 1 0 0.172454
3.07063 1 1 0 0.174414
3.08937 1 1 0 0.172487
3.08675 1 1 0 0.173278
3.12887 1 1 0 0.174599
3.1485 1 1 0 0.175183
3.0635 1 1 0 0.176085
2.95975 1 1 0 0.176162
3.00625 1 1 0 0.176117
3.00362 1 1 0 0.175851
2.91787 1 1 0 0.176531
2.823 1 1 0 0.174119
2.78125 1 1 0 0.173716
2.8 1 1 0 0.173548
2.79312 1 1 0 0.174571
2.782 1 1 0 0.17364
2.76275 1 1 0 0.17143
2.812 1 1 0 0.173768
2.869 1 1 0 0.172971
3.064 1 1 0 0.174761
2.98675 1 1 0 0.17323
2.91763 1 1 0 0.173242
2.9025 1 1 0 0.173291
2.98025 1 1 0 0.17363
2.9325 1 1 0 0.173869
2.83263 1 1 0 0.174927
2.828 1 1 0 0.174303
2.77038 1 1 0 0.173585
2.82575 1 1 0 0.17389
2.81637 1 1 0 0.173176
2.77413 1 1 0 0.172911
2.79 1 1 0 0.174027
2.837 1 1 0 0.173021
2.84275 1 1 0 0.173775
2.77763 1 1 0 0.17427
2.75325 1 1 0 0.174845
2.7985 1 1 0 0.174806
2.84612 1 1 0 0.174591
2.82125 1 1 0 0.174162
2.88063 1 1 0 0.173867
2.86 1 1 0 0.173205
2.83487 1 1 0 0.173792
2.91863 1 1 0 0.174501
2.92462 1 1 0 0.17552
2.89737 1 1 0 0.175734
2.86638 1 1 0 0.17513
2.9015 1 1 0 0.174594
2.85525 1 1 0 0.172936
2.95363 1 1 0 0.174112
3.00025 1 1 0 0.173212
3.04513 1 1 0 0.174426
3.0085 1 1 0 0.174434
3.05213 1 1 0 0.17379
3.03375 1 1 0 0.174439
3.02937 1 1 0 0.17554
3.0775 1 1 0 0.17283
3.05825 1 1 0 0.174186
3.09662 1 1 0 0.172665
3.05325 1 1 0 0.1713
3.17212 1 1 0 0.169361
3.076 1 1 0 0.168496
3.10962 1 1 0 0.167022
2.99825 1 1 0 0.17133
3.10787 1 1 0 0.169329
3.02025 1 1 0 0.170434
2.99138 1 1 0 0.171372
2.99775 1 1 0 0.170785
3.014 1 1 0 0.17381
3.01587 1 1 0 0.174325
3.01125 1 1 0 0.176245
3.03362 1 1 0 0.17627
3.01775 1 1 0 0.176149
2.93838 1 1 0 0.175987
3.11187 1 1 0 0.175649
3.078 1 1 0 0.175733
3.03475 1 1 0 0.177077
2.97025 1 1 0 0.177713
2.8505 1 1 0 0.1772
2.9305 1 1 0 0.175882
2.94687 1 1 0 0.176487
2.93388 1 1 0 0.175829
2.83588 1 1 0 0.17576
2.85988 1 1 0 0.176779
2.90862 1 1 0 0.175892
2.90612 1 1 0 0.175697
2.92888 1 1 0 0.175948
2.86825 1 1 0 0.176052
2.76187 1 1 0 0.175615
2.73125 1 1 0 0.174859
2.56712 1 1 0 0.176797
2.54913 1 1 0 0.175823
2.64838 1 1 0 0.177577
2.65813 1 1 0 0.178147
2.664 1 1 0 0.176976
2.66812 1 1 0 0.177131
2.665 1 1 0 0.176049
2.67488 1 1 0 0.176254
2.64838 1 1 0 0.175403
2.64288 1 1 0 0.176501
2.589 1 1 0 0.176253
2.60537 1 1 0 0.176374
2.54562 1 1 0 0.175719
2.52525 1 1 0 0.174531
2.51138 1 1 0 0.175025
2.49213 1 1 0 0.175552
2.5235 1 1 0 0.172738
2.5555 1 1 0 0.172567
2.5555 1 1 0 0.174287
2.62312 1 1 0 0.175849
2.70912 1 1 0 0.17431
2.75787 1 1 0 0.174071
2.85125 1 1 0 0.175496
2.81575 1 1 0 0.176092
2.8105 1 1 0 0.175552
2.85213 1 1 0 0.176505
2.80575 1 1 0 0.176001
2.73212 1 1 0 0.176366
2.71712 1 1 0 0.176242
2.687 1 1 0 0.176406
2.58675 1 1 0 0.176625
2.47425 1 1 0 0.175232
2.53375 1 1 0 0.175898
2.50325 1 1 0 0.176185
2.54338 1 1 0 0.176577
2.57125 1 1 0 0.176926
2.67137 1 1 0 0.17733
2.73637 1 1 0 0.178149
2.70288 1 1 0 0.176713
2.63713 1 1 0 0.175897
2.65512 1 1 0 0.175082
2.71137 1 1 0 0.176501
2.71963 1 1 0 0.176341
2.76125 1 1 0 0.175365
2.834 1 1 0 0.175446
2.73563 1 1 0 0.174349
2.68337 1 1 0 0.172962
2.69475 1 1 0 0.173479
2.76638 1 1 0 0.171107
2.80388 1 1 0 0.172178
2.78225 1 1 0 0.172502
2.73625 1 1 0 0.172809
2.74213 1 1 0 0.172871
2.75275 1 1 0 0.170827
2.73787 1 1 0 0.173132
2.70138 1 1 0 0.173647
2.69563 1 1 0 0.174639
2.73312 1 1 0 0.173016
2.72475 1 1 0 0.173407
2.74388 1 1 0 0.174675
2.74187 1 1 0 0.174593
2.8035 1 1 0 0.174429
2.82025 1 1 0 0.1741
2.82313 1 1 0 0.174981
2.83887 1 1 0 0.175038
2.86638 1 1 0 0.174507
2.85663 1 1 0 0.174172
2.84175 1 1 0 0.173534
2.88675 1 1 0 0.172691
2.88937 1 1 0 0.173474
2.8525 1 1 0 0.174888
2.89288 1 1 0 0.17262
2.92437 1 1 0 0.173471
2.97075 1 1 0 0.173673
2.91375 1 1 0 0.172732
2.80325 1 1 0 0.171772
2.81413 1 1 0 0.17305
2.78762 1 1 0 0.173349
2.8065 1 1 0 0.173502
2.83775 1 1 0 0.175365
2.82775 1 1 0 0.173224
2.77775 1 1 0 0.174672
2.75387 1 1 0 0.175312
2.75062 1 1 0 0.174899
2.73025 1 1 0 0.173194
2.69638 1 1 0 0.173858
2.70113 1 1 0 0.175093
2.75963 1 1 0 0.172759
2.76463 1 1 0 0.174836
2.73163 1 1 0 0.176427
2.65263 1 1 0 0.177321
2.71037 1 1 0 0.176834
2.78375 1 1 0 0.176646
2.6985 1 1 0 0.175391
2.6825 1 1 0 0.174909
2.7635 1 1 0 0.174707
2.76337 1 1 0 0.171364
2.85075 1 1 0 0.173111
2.82825 1 1 0 0.172664
2.878 1 1 0 0.173116
2.896 1 1 0 0.175304
2.93213 1 1 0 0.175632
2.92612 1 1 0 0.175257
2.94663 1 1 0 0.174778
2.97125 1 1 0 0.175758
2.92775 1 1 0 0.174103
2.98212 1 1 0 0.175925
2.96913 1 1 0 0.176079
2.93337 1 1 0 0.176871
2.93562 1 1 0 0.177329
2.99313 1 1 0 0.177035
3.09737 1 1 0 0.176466
3.03487 1 1 0 0.17783
3.07362 1 1 0 0.176931
3.13587 1 1 0 0.176551
3.1345 1 1 0 0.176521
3.1355 1 1 0 0.176273
3.04088 1 1 0 0.174955
3.04525 1 1 0 0.176558
3.0645 1 1 0 0.175707
3.0905 1 1 0 0.175802
3.09837 1 1 0 0.171605
3.13125 1 1 0 0.170873
3.15725 1 1 0 0.170579
3.103 1 1 0 0.167845
3.13075 1 1 0 0.168841
3.08925 1 1 0 0.167341
3.0985 1 1 0 0.168914
3.05225 1 1 0 0.171176
3.08175 1 1 0 0.168709
3.11088 1 1 0 0.169384
3.142 1 1 0 0.170828
3.052 1 1 0 0.171823
3.084 1 1 0 0.173448
3.12913 1 1 0 0.174648
3.02962 1 1 0 0.173132
3.07225 1 1 0 0.173646
3.096 1 1 0 0.173021
3.01487 1 1 0 0.169742
2.9485 1 1 0 0.169488
2.90037 1 1 0 0.170141
2.94 1 1 0 0.168097
2.95725 1 1 0 0.167324
2.95412 1 1 0 0.165514
2.90813 1 1 0 0.166039
2.851 1 1 0 0.167036
2.89775 1 1 0 0.165855
2.90663 1 1 0 0.165249
2.87175 1 1 0 0.162605
2.84212 1 1 0 0.165354
2.87138 1 1 0 0.165669
2.90675 1 1 0 0.166692
2.86662 1 1 0 0.165073
2.91938 1 1 0 0.16275
2.90925 1 1 0 0.162928
2.91063 1 1 0 0.166016
2.97075 1 1 0 0.164957
2.96362 1 1 0 0.165985
3.02513 1 1 0 0.163588
3.06375 1 1 0 0.164217
3.08675 1 1 0 0.165494
3.10613 1 1 0 0.163607
3.13537 1 1 0 0.166396
3.13612 1 1 0 0.168047
3.14225 1 1 0 0.169434
3.22288 1 1 0 0.167295
3.18925 1 1 0 0.167264
3.18487 1 1 0 0.16615
3.25338 1 1 0 0.162755
3.2695 1 1 0 0.159514
3.269 1 1 0 0.160707
3.23137 1 1 0 0.164374
3.27013 1 1 0 0.168573
3.32762 1 1 0 0.169825
3.31075 1 1 0 0.169454
3.29787 1 1 0 0.169363
3.32337 1 1 0 0.170524
3.27738 1 1 0 0.164927
3.201 1 1 0 0.165001
3.14787 1 1 0 0.169643
3.12337 1 1 0 0.171852
3.14688 1 1 0 0.172186
3.06825 1 1 0 0.171648
3.0665 1 1 0 0.173393
3.111 1 1 0 0.171357
3.10338 1 1 0 0.173308
3.07075 1 1 0 0.172702
3.00738 1 1 0 0.176217
3.096 1 1 0 0.176267
3.06137 1 1 0 0.175728
3.09737 1 1 0 0.176088
3.16613 1 1 0 0.176962
3.1645 1 1 0 0.178255
3.26688 1 1 0 0.176692
3.27325 1 1 0 0.174284
3.26762 1 1 0 0.174193
3.24337 1 1 0 0.173223
3.22613 1 1 0 0.172741
3.18712 1 1 0 0.171761
3.215 1 1 0 0.173151
3.19475 1 1 0 0.173317
3.1625 1 1 0 0.174123
3.27675 1 1 0 0.174663
3.2365 1 1 0 0.174232
3.17 1 1 0 0.174452
3.25488 1 1 0 0.175388
3.22788 1 1 0 0.174374
3.1975 1 1 0 0.174208
3.2285 1 1 0 0.174675
3.27975 1 1 0 0.172142
3.2745 1 1 0 0.172387
3.27775 1 1 0 0.172267
3.25237 1 1 0 0.172949
3.24662 1 1 0 0.174405
3.16463 1 1 0 0.171803
3.156 1 1 0 0.16949
3.27162 1 1 0 0.170631
3.38262 1 1 0 0.170553
3.31688 1 1 0 0.168505
3.31562 1 1 0 0.169357
3.39625 1 1 0 0.171109
3.431 1 1 0 0.166756
3.2855 1 1 0 0.167935
3.29475 1 1 0 0.168639
3.4575 1 1 0 0.170199
3.44062 1 1 0 0.16894
3.48975 1 1 0 0.169088
3.49 1 1 0 0.166771
3.54462 1 1 0 0.168611
3.53825 1 1 0 0.168415
3.40425 1 1 0 0.166478
3.3755 1 1 0 0.165429
3.31562 1 1 0 0.166744
3.27137 1 1 0 0.170262
3.14838 1 1 0 0.169856
3.1745 1 1 0 0.169376
3.04525 1 1 0 0.170433
2.978 1 1 0 0.170827
2.86662 1 1 0 0.168371
2.80687 1 1 0 0.167622
2.89763 1 1 0 0.168221
2.8945 1 1 0 0.167709
2.888 1 1 0 0.168491
2.88512 1 1 0 0.168015
2.85913 1 1 0 0.167456
2.8065 1 1 0 0.16908
2.797 1 1 0 0.170431
2.72375 1 1 0 0.171824
2.79013 1 1 0 0.172858
2.58975 1 1 0 0.172896
2.66337 1 1 0 0.171912
2.69687 1 1 0 0.172358
2.74675 1 1 0 0.173268
2.709 1 1 0 0.171513
2.68587 1 1 0 0.173309
2.69475 1 1 0 0.172656
2.685 1 1 0 0.172984
2.75188 1 1 0 0.173696
2.723 1 1 0 0.173369
2.7815 1 1 0 0.172611
2.78037 1 1 0 0.171616
2.79013 1 1 0 0.17246
2.7985 1 1 0 0.173708
2.87325 1 1 0 0.171363
2.8155 1 1 0 0.169756
2.79575 1 1 0 0.169113
2.9155 1 1 0 0.171144
2.92625 1 1 0 0.171531
2.93388 1 1 0 0.172491
2.92313 1 1 0 0.173255
3.0365 1 1 0 0.172754
3.1415 1 1 0 0.173863
3.14775 1 1 0 0.172483
3.18662 1 1 0 0.172468
3.19813 1 1 0 0.174585
3.20538 1 1 0 0.174304
3.21712 1 1 0 0.172634
3.26437 1 1 0 0.172675
3.26375 1 1 0 0.173354
3.23013 1 1 0 0.172402
3.16588 1 1 0 0.169047
3.20938 1 1 0 0.168159
3.21163 1 1 0 0.168862
3.2365 1 1 0 0.168965
3.25825 1 1 0 0.167238
3.17413 1 1 0 0.168645
3.19488 1 1 0 0.17073
3.27625 1 1 0 0.171034
3.35775 1 1 0 0.170669
3.36875 1 1 0 0.169211
3.35775 1 1 0 0.168904
3.3655 1 1 0 0.167451
3.41925 1 1 0 0.168562
3.43987 1 1 0 0.167778
3.445 1 1 0 0.168838
3.50338 1 1 0 0.169724
3.51475 1 1 0 0.168822
3.5135 1 1 0 0.168094
3.53225 1 1 0 0.166897
3.55275 1 1 0 0.166087
3.59675 1 1 0 0.160452
3.61137 1 1 0 0.159624
3.55025 1 1 0 0.157977
3.63837 1 1 0 0.157917
3.64387 1 1 0 0.156431
3.61413 1 1 0 0.15973
3.616 1 1 0 0.155408
3.61088 1 1 0 0.158377
3.6475 1 1 0 0.158938
3.6915 1 1 0 0.157485
3.67163 1 1 0 0.160258
3.66637 1 1 0 0.158386
3.685 1 1 0 0.157836
3.66 1 1 0 0.154987
3.65987 1 1 0 0.1546
3.65987 1 1 0 0.1509
3.67612 1 1 0 0.146373
3.682 1 1 0 0.146997
3.6915 1 1 0 0.143003
57
